1 -0.0282073 0.00415164
2 -0.147042 -0.00282291
3 -0.149968 0.0326579
4 -0.0676967 -0.0055075
5 -0.122265 0.0209777
6 -0.230401 0.0410843
7 -0.382362 0.0655046
8 -0.557941 0.0846264
9 -0.729278 0.100149
10 -0.881667 0.112752
11 -1.0056 0.120545
12 -1.09751 0.124148
13 -1.14249 0.121639
14 -1.15645 0.118068
15 -1.13268 0.109443
16 -1.07869 0.0994395
17 -1.00117 0.0874684
18 -0.906547 0.0766208
19 -0.799751 0.0627761
20 -0.689012 0.0503655
21 -0.590449 0.0389677
22 -0.49228 0.0331323
23 -0.41249 0.0273367
24 -0.345607 0.0226901
25 -0.308457 0.0242094
26 -0.294521 0.0272191
27 -0.305733 0.0326586
28 -0.333552 0.0383344
29 -0.409315 0.0524475
30 -0.480984 0.0608488
31 -0.5812 0.0755573
32 -0.671998 0.0860646
33 -0.774787 0.0964469
34 -0.855205 0.0994939
35 -0.941309 0.109564
36 -1.03516 0.119199
37 -1.08042 0.116359
38 -1.07345 0.106237
39 -0.908639 -0.17436
40 -0.733101 0
41 -0.566869 0
42 -0.465871 0
43 -0.489371 0
44 -0.542233 0
45 -0.605764 0
46 -0.707889 0
47 -0.841665 0
48 -0.923236 0
49 -0.937701 0
50 -1.22096 0
51 -1.35797 0
52 -5.79248 0.836848
53 -5.80317 -0.586064
54 -5.86244 1.17706
55 -5.14582 0.416743
56 -3.33717 0.162927
57 -1.68594 -0.0437192
58 -0.31873 -0.159344
59 0.983639 -0.284521
60 2.0476 -0.355103
61 2.78304 -0.379347
62 3.14079 -0.359838
63 3.05449 -0.294269
64 2.63845 -0.20256
65 1.99987 -0.10432
66 1.17752 -0.000826322
67 0.428209 0.0611589
68 -0.238889 0.123091
69 -0.748463 0.153062
70 -1.0736 0.155457
71 -1.15799 0.129702
72 -1.06605 0.0932239
73 -0.848127 0.0514573
74 -0.561062 0.00884484
75 -0.238178 -0.0243212
76 0.0189443 -0.0427636
77 0.209667 -0.0454669
78 0.33104 -0.0518194
79 0.373339 -0.0434085
80 0.34052 -0.0285872
81 0.26242 -0.0127358
82 0.165475 -0.000806054
83 0.0684116 0.00933224
84 -0.0190532 0.0150363
85 -0.0728735 0.0161634
86 -0.100183 0.0144823
87 -0.10545 0.0114339
88 -0.0959984 0.00794299
89 -0.0703466 0.00300038
90 -0.0459211 0.000391446
91 -0.0162914 -0.00336205
92 0.0201093 -0.00779934
93 0.0491498 -0.00978965
94 0.0702031 -0.0106302
95 0.071543 -0.00735983
96 0.0726591 -0.00744598
97 0.0550804 -0.0026653
98 0.02572 0.00240821
99 0.00129731 0.00398279
100 -0.0164713 0.00431589
101 -0.0233408 0.00350628
102 -0.0241493 0.00254865
103 -0.0233829 0.00221444
104 -0.0180489 0.00112953
105 -0.0200996 0.00229209
106 0.00603004 -0.00398839
107 0.00600311 -0.000596337
108 0.0091096 -0.00138502
109 0.0101166 -0.00116508
110 0.0084965 -0.000609368
111 0.00570215 -5.24112e-05
112 0.0020417 0.000411891
113 -0.00143063 0.000593177
114 -0.00294803 0.000523954
115 -0.000983836 -0.000211031
116 -0.000896403 7.46316e-05
117 0.00736968 -0.00191046
118 -0.00554892 0.00280191
119 -0.00435856 0.000219661
120 -0.00088445 -0.000535287
121 6.70265e-06 -0.000154565
122 0.00344044 -0.000861695
123 -0.00106664 0.000882032
124 0.00114239 -0.000490048
125 0.101644 -0.0279219
126 0.228961 -0.0447597
127 0.162144 -0.00337252
128 -0.201804 0.081971
129 -0.695112 0.16976
130 -1.2273 0.226346
131 -1.66087 0.249505
132 -1.81895 0.211886
133 -2.12053 0.272705
134 -2.03122 0.186617
135 -1.76973 0.115197
136 -1.28199 0.0254674
137 -0.840331 -0.00158926
138 -0.47226 -0.0259951
139 -0.10579 -0.0625421
140 0.10905 -0.0578499
141 0.251991 -0.057517
142 0.153159 0.00399252
143 -0.0738908 0.0525699
144 -0.259481 0.0585981
145 -0.551303 0.119762
146 -0.61948 0.0756586
147 -0.782837 0.112859
148 -0.846509 0.0984019
149 -0.719673 0.0479354
150 -0.766661 0.0857529
151 -0.610037 0.0346102
152 -0.523247 0.0366534
153 -0.50705 0.047168
154 -0.382366 0.0128393
155 -0.333475 0.0233342
156 -0.49616 0.0893029
157 -0.441124 0.0319715
158 -0.546249 0.0775989
159 -0.457253 0.0275575
160 -0.386884 0.0238231
161 -0.471393 0.0628443
162 -0.551717 0.0705472
163 -0.692056 0.0954395
164 -0.868489 0.118855
165 -0.556495 0.00329285
166 0.23229 -0.154639
167 1.30864 -0.315547
168 1.97538 -0.305961
169 2.20256 -0.255419
170 1.36994 -0.00211517
171 0.884057 -0.0107509
172 0.749056 -0.0524636
173 0.578461 -0.0324232
174 0.25982 0.0218606
175 -0.172411 0.0627261
176 -0.599342 0.0977218
177 -0.939969 0.134899
178 -1.10791 0.132851
179 -1.16604 0.127813
180 -1.19218 0.124596
181 -1.18942 0.118015
182 -1.17715 0.113699
183 -1.16187 0.110169
184 -1.16187 0.116187
185 -1.16187 0.116187
186 -1.16187 0.116187
187 -1.16187 0.116187
188 -1.16187 0.116187
189 -1.16187 0.116187
190 -1.16187 0.116187
191 -1.16187 0.116187
192 -1.16187 0.116187
193 -1.15912 0.0994288
194 -1.15912 0.115912
195 -1.16077 0.12594
196 -1.16077 0.116077
197 -1.16077 0.116077
198 -1.16077 0.116077
199 -1.16077 0.116077
200 -1.16077 0.116077
201 -1.16077 0.116077
202 -1.16077 0.116077
203 -1.16077 0.116077
204 -1.16077 0.116077
205 -1.15798 0.111243
206 -1.16422 0.153902
207 -1.16422 0.116422
208 -1.16422 0.116422
209 -1.16422 0.116422
210 -1.16422 0.116422
211 -1.16422 0.116422
212 -1.16422 0.116422
213 -1.16422 0.116422
214 -1.16422 0.116422
215 -1.16422 0.116422
216 -1.16139 0.11128
217 -1.16139 0.116139
218 -1.16139 0.116139
219 -1.16139 0.116139
220 -1.16139 0.116139
221 -1.16139 0.116139
222 -1.16139 0.116139
223 -1.16139 0.116139
224 -1.16139 0.116139
225 -1.16139 0.116139
226 -1.15852 -1.2
227 -1.15851 0
228 -1.15851 0
229 -1.15851 0
230 -1.15851 0
231 -1.15851 0
232 -1.15851 0
233 -1.15851 0
234 -1.15851 0
235 -1.15851 0
236 -1.15851 0
237 -1.15994 0
238 -1.16285 0
239 -1.16285 0
240 -1.16285 0
241 -1.16285 0
242 -1.16285 0
243 -1.16285 0
244 -1.16285 0
245 -1.16285 0
246 -1.16285 0
247 -1.16285 0
248 -1.16285 0
249 -1.16453 0
250 -1.16453 0
251 -1.16453 0
252 -1.16453 0
253 -1.16453 0
254 -1.16453 0
255 -1.16453 0
256 -1.16453 0
257 -1.16453 0
258 -1.16453 0
259 -1.16453 0
260 -1.16507 0
261 -1.16507 0
262 -1.16507 0
263 -1.16507 0
264 -1.16507 0
265 -1.16507 0
266 -1.16507 0
267 -1.16507 0
268 -1.16507 0
269 -1.16507 0
270 -1.16507 0
271 -1.16507 0
272 -1.16552 0
273 -1.16552 0
274 -1.16552 0
275 -1.16552 0
276 -1.16552 0
277 -1.16552 0
278 -1.16552 0
279 -1.16552 0
280 -1.16552 0
281 -1.16552 0
282 -1.16552 0
283 -1.16552 0
284 -1.16591 0
285 -1.16591 0
286 -1.16591 0
287 -1.16591 0
288 -1.16591 0
289 -1.16591 0
290 -1.16591 0
291 -1.16591 0
292 -1.16591 0
293 -1.16591 0
294 -1.16629 1.2
295 -1.16629 0.116629
296 -1.16629 0.116629
297 -1.16629 0.116629
298 -1.16629 0.116629
299 -1.16629 0.116629
300 -1.16629 0.116629
301 -1.16629 0.116629
302 -1.16629 0.116629
303 -1.16629 0.116629
304 -1.16629 0.116629
305 -1.16384 -1.2
306 -1.16384 0
307 -1.16384 0
308 -1.16384 0
309 -1.16384 0
310 -1.16384 0
311 -1.16384 0
312 -1.16384 0
313 -1.16384 0
314 -1.16384 0
315 -1.16384 0
316 -1.16384 0
317 -1.16038 0
318 -1.16038 0
319 -1.16038 0
320 -1.16038 0
321 -1.16038 0
322 -1.16038 0
323 -1.16038 0
324 -1.16038 0
325 -1.16038 0
326 -1.16038 0
327 -1.16038 0
328 -1.15973 0
329 -1.15973 0
330 -1.15973 0
331 -1.15973 0
332 -1.15973 0
333 -1.15973 0
334 -1.15973 0
335 -1.15973 0
336 -1.15973 0
337 -1.15973 0
338 -1.15973 0
339 -1.15973 0
340 -1.15969 0
341 -1.15969 0
342 -1.15969 0
343 -1.15969 0
344 -1.15969 0
345 -1.15969 0
346 -1.15969 0
347 -1.15969 0
348 -1.15969 0
349 -1.15969 0
350 -1.15969 0
351 -1.15983 0
352 -1.15983 0
353 -1.15983 0
354 -1.15983 0
355 -1.15983 0
356 -1.15983 0
357 -1.15983 0
358 -1.15983 0
359 -1.15983 0
360 -1.15983 0
361 -1.15983 0
362 -1.15998 0
363 -1.15998 0
364 -1.15998 0
365 -1.15998 0
366 -1.15998 0
367 -1.15998 0
368 -1.15998 0
369 -1.15998 0
370 -1.15998 0
371 -1.15998 0
372 -1.15998 0
373 -1.16011 0
374 -1.16011 0
375 -1.16011 0
376 -1.16011 0
377 -1.16011 0
378 -1.16011 0
379 -1.16011 0
380 -1.16011 0
381 -1.16011 0
382 -1.16011 0
383 -1.16011 0
384 -1.16025 0
385 -1.16025 0
386 -1.16025 0
387 -1.16025 0
388 -1.16025 0
389 -1.16025 0
390 -1.16025 0
391 -1.16025 0
392 -1.16025 0
393 -1.16025 0
394 -1.16025 0
395 -1.16029 0
396 -1.16029 0
397 0.242805 -0.0404698
398 0.201873 0.0284352
399 -7.14427 1.2
400 -13.0847 1.2
401 -13.4572 1.2
402 -7.53268 -0.0523416
403 -15.8454 1.2
404 -23.5162 1.2
405 -29.7105 1.2
406 -35.5869 1.2
407 -39.442 1.2
408 -40.4586 1.2
409 -38.8418 1.2
410 -36.8223 1.2
411 -35.821 1.2
412 -37.0405 1.2
413 -38.6946 1.2
414 -38.8472 1.2
415 -36.8489 1.2
416 -34.688 1.2
417 -34.3508 1.2
418 -36.5537 1.2
419 -39.4589 1.2
420 -39.8955 1.2
421 -37.9677 1.2
422 -36.23 1.2
423 -35.8182 1.2
424 -35.9627 1.2
425 -36.6308 1.2
426 -38.1979 1.2
427 -39.8964 1.2
428 -40.3531 1.2
429 -40.0163 1.2
430 -39.4305 1.2
431 -38.8094 1.2
432 -38.3284 1.2
433 -37.8781 1.2
434 -37.603 1.2
435 -37.603 1.2
436 -37.603 1.2
437 -37.603 1.2
438 -37.603 1.2
439 -37.603 1.2
440 -37.603 1.2
441 -37.603 1.2
442 -37.5427 1.2
443 -37.5421 1.2
444 -37.5421 1.2
445 -37.5421 1.2
446 -37.5421 1.2
447 -37.5421 1.2
448 -37.5421 1.2
449 -37.5421 1.2
450 -37.5421 1.2
451 -37.4843 1.2
452 -37.4843 1.2
453 -37.4843 1.2
454 -37.4843 1.2
455 -37.4843 1.2
456 -37.4843 1.2
457 -37.4843 1.2
458 -37.4843 1.2
459 -37.4843 1.2
460 -37.429 1.2
461 -37.429 1.2
462 -37.429 1.2
463 -37.429 1.2
464 -37.429 1.2
465 -37.429 1.2
466 -37.429 1.2
467 -37.429 1.2
468 -37.429 1.2
469 -37.3761 1.2
470 -37.3778 1.2
471 -37.3778 1.2
472 -37.3778 1.2
473 -37.3778 1.2
474 -37.3778 1.2
475 -37.3778 1.2
476 -37.3778 1.2
477 -37.3264 1.2
478 -37.3247 1.2
479 -37.3247 1.2
480 -37.3247 1.2
481 -37.3247 1.2
482 -37.3247 1.2
483 -37.3247 1.2
484 -37.3247 1.2
485 -37.3247 1.2
486 -37.2744 1.2
487 -37.2744 1.2
488 -37.2744 1.2
489 -37.2744 1.2
490 -37.2744 1.2
491 -37.2744 1.2
492 -37.2744 1.2
493 -37.2744 1.2
494 -37.2744 1.2
495 -37.2251 1.2
496 -37.2251 1.2
497 -37.2251 1.2
498 -37.2251 1.2
499 -37.2251 1.2
500 -37.2251 1.2
501 -37.2251 1.2
502 -37.2251 1.2
503 -37.2251 1.2
504 -37.1762 1.2
505 -37.1762 1.2
506 -37.1762 1.2
507 -37.1762 1.2
508 -37.1762 1.2
509 -37.1762 1.2
510 -37.1762 1.2
511 -37.1762 1.2
512 -37.1279 1.2
513 -37.1279 1.2
514 -37.1279 1.2
515 -37.1279 1.2
516 -37.1279 1.2
517 -37.1279 1.2
518 -37.1279 1.2
519 -37.1279 1.2
520 -37.1279 1.2
521 -37.0805 1.2
522 -37.0805 1.2
523 -37.0805 1.2
524 -37.0805 1.2
525 -37.0805 1.2
526 -37.0805 1.2
527 -37.0805 1.2
528 -37.0805 1.2
529 -37.0805 1.2
530 -37.0336 1.2
531 -37.0336 1.2
532 -37.0336 1.2
533 -37.0336 1.2
534 -37.0336 1.2
535 -37.0336 1.2
536 -37.0336 1.2
537 -37.0336 1.2
538 -36.9874 1.2
539 -36.9874 1.2
540 -36.9874 1.2
541 -36.9874 1.2
542 -36.9874 1.2
543 -36.9874 1.2
544 -36.9874 1.2
545 -36.9874 1.2
546 -36.9874 1.2
547 -36.9417 1.2
548 -36.9417 1.2
549 -36.9417 1.2
550 -36.9417 1.2
551 -36.9417 1.2
552 -36.9417 1.2
553 -36.9417 1.2
554 -36.9417 1.2
555 -36.9417 1.2
556 -36.8966 1.2
557 -36.8966 1.2
558 -36.8966 1.2
559 -36.8966 1.2
560 -36.8966 1.2
561 -36.8966 1.2
562 -36.8966 1.2
563 -36.8966 1.2
564 -36.852 1.2
565 -36.852 1.2
566 -36.852 1.2
567 -36.852 1.2
568 -36.852 1.2
569 -36.852 1.2
570 -36.852 1.2
571 -36.852 1.2
572 -36.852 1.2
573 -36.8081 1.2
574 -36.8081 1.2
575 -36.8081 1.2
576 -36.8081 1.2
577 -36.8081 1.2
578 -36.8081 1.2
579 -36.8081 1.2
580 -36.8081 1.2
581 -36.8081 1.2
582 -36.7647 1.2
583 -36.7647 1.2
584 -36.7647 1.2
585 -36.7647 1.2
586 -36.7647 1.2
587 -36.7647 1.2
588 -36.7647 1.2
589 -36.7647 1.2
590 -36.7647 1.2
591 -36.722 1.2
592 -36.722 1.2
593 -36.722 1.2
594 -36.722 1.2
595 -36.722 1.2
596 -36.722 1.2
597 -36.722 1.2
598 -36.722 1.2
599 -36.722 1.2
600 -36.6798 1.2
601 -36.6798 1.2
602 -36.6798 1.2
603 -36.6798 1.2
604 -36.6798 1.2
605 -36.6798 1.2
606 -36.6798 1.2
607 -36.6798 1.2
608 -36.6798 1.2
609 -36.6367 1.2
610 -36.6367 1.2
611 -36.6367 1.2
612 -36.6367 1.2
613 -36.6367 1.2
614 -36.6367 1.2
615 -36.6367 1.2
616 -36.6367 1.2
617 -36.6367 1.2
618 -36.5941 1.2
619 -36.5941 1.2
620 -36.5941 1.2
621 -36.5941 1.2
622 -36.5941 1.2
623 -36.5941 1.2
624 -36.5941 1.2
625 -36.5941 1.2
626 -36.5519 1.2
627 -36.5519 1.2
628 -36.5519 1.2
629 -36.5519 1.2
630 -36.5519 1.2
631 -36.5519 1.2
632 -36.5519 1.2
633 -36.5519 1.2
634 -36.5519 1.2
635 -36.5131 -1.2
636 -36.5131 0
637 -36.5131 0
638 -36.5131 0
639 -36.5131 0
640 -36.5131 0
641 -36.5131 0
642 -36.5131 0
643 -36.5131 0
644 -36.475 0
645 -36.475 0
646 -36.475 0
647 -36.475 0
648 -36.475 0
649 -36.475 0
650 -36.475 0
651 -36.475 0
652 -36.475 0
653 -36.4319 1.2
654 -36.4319 1.2
655 -36.4319 1.2
656 -36.4319 1.2
657 -36.4319 1.2
658 -36.4319 1.2
659 -36.4319 1.2
660 -36.4319 1.2
661 -36.4319 1.2
662 -36.38 1.2
663 -36.38 1.2
664 -36.38 1.2
665 -36.38 1.2
666 -36.38 1.2
667 -36.38 1.2
668 -36.38 1.2
669 -36.38 1.2
670 -36.38 1.2
671 -36.3291 1.2
672 -36.3291 1.2
673 -36.3291 1.2
674 -36.3291 1.2
675 -36.3291 1.2
676 -36.3291 1.2
677 -36.3291 1.2
678 -36.3291 1.2
679 -36.2821 -1.2
680 -36.2821 0
681 -36.2821 0
682 -36.2821 0
683 -36.2821 0
684 -36.2821 0
685 -36.2821 0
686 -36.2821 0
687 -36.2821 0
688 -36.2404 0
689 -36.2404 0
690 -36.2404 0
691 -36.2404 0
692 -36.2404 0
693 -36.2404 0
694 -36.2404 0
695 -36.2404 0
696 -36.2404 0
697 -36.1985 0
698 -36.1985 0
699 -36.1985 0
700 -36.1985 0
701 -36.1985 0
702 -36.1985 0
703 -36.1985 0
704 -36.1985 0
705 -36.1985 0
706 -36.1522 1.2
707 -36.1522 1.2
708 -36.1522 1.2
709 -36.1522 1.2
710 -36.1522 1.2
711 -36.1522 1.2
712 -36.1522 1.2
713 -36.1522 1.2
714 -36.1522 1.2
715 -36.1015 1.2
716 -36.1015 1.2
717 -36.1015 1.2
718 -36.1015 1.2
719 -36.1015 1.2
720 -36.1015 1.2
721 -36.1015 1.2
722 -36.1015 1.2
723 -36.1015 1.2
724 -36.0559 -1.2
725 -36.0559 0
726 -36.0559 0
727 -36.0559 0
728 -36.0559 0
729 -36.0559 0
730 -36.0559 0
731 -36.0559 0
732 -36.0127 0
733 -36.0127 0
734 -36.0127 0
735 -36.0127 0
736 -36.0127 0
737 -36.0127 0
738 -36.0127 0
739 -36.0127 0
740 -36.0127 0
741 -35.9699 0
742 -35.9699 0
743 -35.9699 0
744 -35.9699 0
745 -35.9699 0
746 -35.9699 0
747 -35.9699 0
748 -35.9699 0
749 -35.9699 0
750 -35.9243 0
751 -35.9243 0
752 -35.9243 0
753 -35.9243 0
754 -35.9243 0
755 -35.9243 0
756 -35.9243 0
757 -35.9243 0
758 -35.8785 0
759 -35.8785 0
760 -35.8785 0
761 -35.8785 0
762 -35.8785 0
763 -35.8785 0
764 -35.8785 0
765 -35.8785 0
766 -35.8785 0
767 -35.8312 1.2
768 -35.8312 1.2
769 -36.1977 1.2
770 -39.6058 1.2
771 -39.0444 1.2
772 -36.5567 1.2
773 -34.7913 1.2
774 -36.2985 1.2
775 -38.6757 1.2
776 -39.755 1.2
777 -38.6029 1.2
778 -35.8767 1.2
779 -34.8615 1.2
780 -36.4704 1.2
781 -38.969 1.2
782 -39.6265 1.2
783 -37.5246 1.2
784 -35.2342 1.2
785 -35.1603 1.2
786 -37.4393 1.2
787 -39.6253 1.2
788 -38.9951 1.2
789 -36.5273 1.2
790 -34.9065 1.2
791 -36.2034 1.2
792 -38.8182 1.2
793 -39.7661 1.2
794 -38.0647 1.2
795 -35.5565 1.2
796 -35.18 1.2
797 -37.4384 1.2
798 -39.6013 1.2
799 -39.202 1.2
800 -36.5761 1.2
801 -34.9263 1.2
802 -35.8535 1.2
803 -38.4255 1.2
804 -39.8326 1.2
805 -38.3568 1.2
806 -35.7771 1.2
807 -34.8321 1.2
808 -36.6065 1.2
809 -39.254 1.2
810 -39.4645 1.2
811 -37.3213 1.2
812 -35.403 1.2
813 -34.8892 1.2
814 -35.0841 1.2
815 -35.8958 1.2
816 -37.6337 1.2
817 -39.309 1.2
818 -39.5997 1.2
819 -39.0818 1.2
820 -38.2075 1.2
821 -37.2462 1.2
822 -36.644 1.2
823 -36.4884 -1.2
824 -36.4565 0
825 -36.4565 0
826 -36.4565 0
827 -36.4565 0
828 -36.4565 0
829 -36.4565 0
830 -36.4565 0
831 -36.4493 0
832 -36.4546 0
833 -36.4546 0
834 -36.4546 0
835 -36.4546 0
836 -36.4546 0
837 -36.4546 0
838 -36.4546 0
839 -36.4546 0
840 -36.4324 0
841 -36.4324 0
842 -36.4324 0
843 -36.4324 0
844 -36.4324 0
845 -36.4324 0
846 -36.4324 0
847 -36.4324 0
848 -36.4324 0
849 -36.4059 0
850 -36.4059 0
851 -36.4059 0
852 -36.4059 0
853 -36.4059 0
854 -36.4059 0
855 -36.4059 0
856 -36.4059 0
857 -36.369 0
858 -36.3613 0
859 -36.3613 0
860 -36.3613 0
861 -36.3613 0
862 -36.3613 0
863 -36.3613 0
864 -36.3613 0
865 -36.3613 0
866 -36.3181 0
867 -36.3181 0
868 -36.3181 0
869 -36.3181 0
870 -36.3181 0
871 -36.3181 0
872 -36.3181 0
873 -36.3181 0
874 -36.3181 0
875 -36.2725 0
876 -36.2725 0
877 -36.2725 0
878 -36.2725 0
879 -36.2725 0
880 -36.2725 0
881 -36.2725 0
882 -36.2725 0
883 -36.226 0
884 -36.226 0
885 -36.226 0
886 -36.226 0
887 -36.226 0
888 -36.226 0
889 -36.226 0
890 -36.226 0
891 -36.226 0
892 -36.1796 1.2
893 -36.1833 1.2
894 -36.1833 1.2
895 -36.1833 1.2
896 -36.1833 1.2
897 -36.1833 1.2
898 -36.1833 1.2
899 -36.1833 1.2
900 -36.1833 1.2
901 -36.1351 1.2
902 -36.1351 1.2
903 -36.1351 1.2
904 -36.1351 1.2
905 -36.1351 1.2
906 -36.1351 1.2
907 -36.1351 1.2
908 -36.1351 1.2
909 -36.1351 1.2
910 -36.0834 1.2
911 -36.0834 1.2
912 -36.0834 1.2
913 -36.0834 1.2
914 -36.0834 1.2
915 -36.0834 1.2
916 -36.0834 1.2
917 -36.0834 1.2
918 -36.0788 -1.2
919 -36.0788 0
920 -36.0788 0
921 -36.035 0
922 -25.7541 0
923 0.95259 0
924 21.1247 0
925 27.5951 0
926 39.0298 0
927 53.6963 0
928 52.1644 0
929 68.7113 0
930 56.4338 0
931 103.38 0
932 130.445 0
933 127.086 0
934 126.983 0
935 129.083 0
936 132.356 0
937 135.684 0
938 138.579 0
939 140.561 0
940 141.981 0
941 139.437 0
942 142.277 0
943 142.212 0
944 143.758 0
945 144.571 0
946 143.439 0
947 143.356 0
948 143.893 0
949 144.019 0
950 143.796 0
951 143.863 0
952 143.146 0
953 142.492 0
954 142.704 0
955 142.51 0
956 141.407 0
957 140.718 0
958 142.511 0
959 141.225 0
960 140.113 0
961 139.299 0
962 138.781 0
963 138.577 0
964 138.574 0
965 138.572 0
966 138.862 0
967 138.862 0
968 138.862 0
969 138.862 0
970 138.862 0
971 138.862 0
972 138.862 0
973 138.862 0
974 138.862 0
975 138.976 0
976 141.702 0
977 142.606 0
978 135.632 0
979 141.268 0
980 119.793 0
981 115.017 0
982 115.017 0
983 115.017 0
984 115.017 0
985 115.017 0
986 115.017 0
987 115.017 0
988 115.017 0
989 114.65 0
990 114.65 0
991 114.65 0
992 114.65 0
993 114.65 0
994 114.65 0
995 114.65 0
996 114.65 0
997 114.651 0
998 114.651 0
999 114.651 0
1000 114.651 0
1001 114.651 0
1002 114.651 0
1003 114.651 0
1004 114.651 0
1005 114.651 0
1006 114.65 0
1007 114.65 0
1008 114.65 0
1009 114.65 0
1010 114.65 0
1011 114.65 0
1012 114.65 0
1013 114.65 0
1014 114.65 0
1015 114.65 0
1016 114.65 0
1017 114.65 0
1018 114.65 0
1019 114.65 0
1020 114.65 0
1021 114.65 0
1022 114.65 0
1023 114.65 0
1024 114.65 0
1025 114.65 0
1026 114.65 0
1027 114.65 0
1028 114.65 0
1029 114.65 0
1030 114.65 0
1031 114.65 0
1032 114.651 0
1033 114.65 0
1034 114.65 0
1035 114.65 0
1036 114.65 0
1037 114.65 0
1038 114.65 0
1039 114.65 0
1040 114.65 0
1041 114.65 0
1042 114.647 0
1043 114.647 0
1044 114.647 0
1045 114.647 0
1046 114.647 0
1047 114.647 0
1048 114.647 0
1049 114.647 0
1050 114.647 0
1051 113.253 0
1052 113.253 0
1053 113.253 0
1054 113.253 0
1055 113.253 0
1056 113.253 0
1057 113.253 0
1058 113.253 0
1059 113.252 0
1060 113.252 0
1061 113.252 0
1062 113.252 0
1063 113.252 0
1064 113.252 0
1065 113.252 0
1066 113.252 0
1067 113.253 0
1068 113.253 0
1069 113.253 0
1070 113.253 0
1071 113.253 0
1072 113.253 0
1073 113.253 0
1074 113.253 0
1075 113.253 0
1076 113.253 0
1077 113.254 0
1078 113.254 0
1079 113.254 0
1080 113.254 0
1081 113.254 0
1082 113.254 0
1083 113.254 0
1084 113.254 0
1085 113.254 0
1086 113.254 0
1087 113.254 0
1088 113.254 0
1089 113.254 0
1090 113.254 0
1091 113.254 0
1092 113.254 0
1093 113.254 0
1094 113.254 0
1095 113.254 0
1096 113.254 0
1097 113.254 0
1098 113.254 0
1099 113.254 0
1100 113.254 0
1101 113.254 0
1102 113.254 0
1103 113.255 0
1104 113.255 0
1105 113.255 0
1106 113.255 0
1107 113.255 0
1108 113.255 0
1109 113.255 0
1110 113.255 0
1111 113.255 0
1112 113.255 0
1113 113.255 0
1114 113.255 0
1115 113.255 0
1116 113.255 0
1117 113.255 0
1118 113.255 0
1119 113.255 0
1120 113.255 0
1121 113.255 0
1122 113.255 0
1123 113.255 0
1124 113.255 0
1125 113.255 0
1126 113.255 0
1127 113.255 0
1128 113.255 0
1129 113.255 0
1130 113.255 0
1131 113.255 0
1132 113.255 0
1133 113.255 0
1134 113.255 0
1135 113.255 0
1136 113.255 0
1137 113.255 0
1138 113.256 0
1139 113.256 0
1140 113.256 0
1141 113.256 0
1142 113.256 0
1143 113.256 0
1144 113.256 0
1145 113.256 0
1146 113.256 0
1147 113.256 0
1148 113.256 0
1149 113.256 0
1150 113.256 0
1151 113.256 0
1152 113.256 0
1153 113.256 0
1154 113.256 0
1155 113.256 0
1156 113.256 0
1157 113.256 0
1158 113.256 0
1159 113.256 0
1160 113.256 0
1161 113.256 0
1162 113.256 0
1163 113.256 0
1164 113.256 0
1165 113.257 0
1166 113.257 0
1167 113.257 0
1168 113.257 0
1169 113.257 0
1170 113.257 0
1171 113.257 0
1172 113.257 0
1173 113.257 0
1174 113.257 0
1175 113.257 0
1176 113.257 0
1177 113.257 0
1178 113.257 0
1179 113.257 0
1180 113.257 0
1181 113.257 0
1182 113.251 0
1183 113.251 0
1184 113.251 0
1185 113.251 0
1186 113.251 0
1187 113.251 0
1188 113.251 0
1189 113.251 0
1190 113.25 0
1191 110.626 0
1192 110.626 0
1193 110.626 0
1194 110.626 0
1195 110.626 0
1196 110.626 0
1197 110.626 0
1198 110.626 0
1199 110.626 0
1200 110.626 0
1201 110.626 0
1202 110.626 0
1203 110.626 0
1204 110.626 0
1205 110.626 0
1206 110.626 0
1207 110.626 0
1208 110.626 0
1209 110.626 0
1210 110.626 0
1211 110.626 0
1212 110.626 0
1213 110.626 0
1214 110.626 0
1215 110.625 0
1216 110.624 0
1217 110.624 0
1218 110.624 0
1219 110.624 0
1220 110.624 0
1221 110.624 0
1222 110.624 0
1223 110.624 0
1224 110.624 0
1225 110.624 0
1226 110.624 0
1227 110.624 0
1228 110.624 0
1229 110.624 0
1230 110.624 0
1231 110.624 0
1232 110.624 0
1233 110.624 0
1234 110.624 0
1235 110.624 0
1236 110.624 0
1237 110.624 0
1238 110.624 0
1239 110.624 0
1240 110.624 0
1241 110.624 0
1242 110.624 0
1243 110.624 0
1244 110.624 0
1245 110.624 0
1246 110.624 0
1247 110.624 0
1248 110.624 0
1249 110.624 0
1250 110.624 0
1251 110.624 0
1252 110.624 0
1253 110.624 0
1254 110.624 0
1255 110.624 0
1256 110.624 0
1257 110.624 0
1258 110.625 0
1259 110.632 0
1260 110.632 0
1261 110.632 0
1262 110.632 0
1263 110.632 0
1264 110.632 0
1265 110.632 0
1266 110.632 0
1267 110.632 0
1268 106.945 0
1269 106.945 0
1270 106.945 0
1271 106.945 0
1272 106.945 0
1273 106.945 0
1274 106.945 0
1275 106.945 0
1276 106.944 0
1277 106.944 0
1278 106.944 0
1279 106.944 0
1280 106.944 0
1281 106.944 0
1282 106.944 0
1283 106.944 0
1284 106.944 0
1285 106.944 0
1286 106.944 0
1287 106.944 0
1288 106.944 0
1289 106.944 0
1290 106.944 0
1291 106.944 0
1292 106.944 0
1293 106.944 0
1294 106.944 0
1295 106.944 0
1296 106.944 0
1297 106.944 0
1298 106.944 0
1299 106.944 0
1300 106.944 0
1301 106.945 0
1302 106.944 0
1303 106.944 0
1304 106.944 0
1305 106.944 0
1306 106.944 0
1307 106.944 0
1308 106.944 0
1309 106.944 0
1310 106.943 0
1311 106.943 0
1312 106.943 0
1313 106.943 0
1314 106.943 0
1315 106.943 0
1316 106.943 0
1317 106.943 0
1318 106.943 0
1319 106.945 0
1320 106.945 0
1321 106.945 0
1322 106.945 0
1323 106.945 0
1324 106.945 0
1325 106.945 0
1326 106.945 0
1327 106.945 0
1328 106.945 0
1329 106.945 0
1330 106.945 0
1331 106.945 0
1332 106.945 0
1333 106.945 0
1334 106.945 0
1335 106.945 0
1336 106.946 0
1337 106.946 0
1338 106.946 0
1339 106.946 0
1340 106.946 0
1341 106.946 0
1342 106.946 0
1343 106.946 0
1344 106.946 0
1345 106.945 0
1346 106.945 0
1347 106.945 0
1348 106.945 0
1349 106.945 0
1350 106.945 0
1351 106.945 0
1352 106.945 0
1353 106.945 0
1354 106.945 0
1355 106.945 0
1356 106.945 0
1357 106.945 0
1358 106.945 0
1359 106.945 0
1360 106.945 0
1361 106.945 0
1362 106.945 0
1363 106.945 0
1364 106.945 0
1365 106.945 0
1366 106.945 0
1367 106.945 0
1368 106.945 0
1369 106.945 0
1370 106.945 0
1371 106.945 0
1372 106.945 0
1373 106.945 0
1374 106.945 0
1375 106.945 0
1376 106.945 0
1377 106.945 0
1378 106.945 0
1379 106.945 0
1380 106.945 0
1381 106.945 0
1382 106.945 0
1383 106.945 0
1384 106.945 0
1385 106.945 0
1386 106.945 0
1387 106.945 0
1388 106.945 0
1389 106.945 0
1390 106.945 0
1391 106.945 0
1392 106.945 0
1393 106.945 0
1394 106.945 0
1395 106.945 0
1396 106.945 0
1397 106.945 0
1398 106.945 0
1399 106.945 0
1400 106.945 0
1401 106.945 0
1402 106.945 0
1403 106.945 0
1404 106.945 0
1405 106.945 0
1406 106.946 0
1407 106.946 0
1408 106.946 0
1409 106.946 0
1410 106.946 0
1411 106.946 0
1412 106.946 0
1413 106.946 0
1414 106.946 0
1415 106.945 0
1416 106.945 0
1417 106.945 0
1418 106.945 0
1419 106.945 0
1420 106.945 0
1421 106.945 0
1422 106.945 0
1423 106.945 0
1424 106.945 0
1425 106.934 0
1426 106.934 0
1427 106.934 0
1428 106.934 0
1429 106.934 0
1430 106.934 0
1431 106.934 0
1432 106.934 0
1433 106.934 0
1434 106.42 0
1435 106.42 0
1436 106.42 0
1437 106.42 0
1438 106.42 0
1439 106.42 0
1440 106.42 0
1441 106.42 0
1442 106.42 0
1443 106.42 0
1444 106.42 0
1445 106.42 0
1446 106.42 0
1447 106.42 0
1448 106.42 0
1449 106.42 0
1450 106.42 0
1451 106.42 0
1452 106.42 0
1453 106.42 0
1454 106.42 0
1455 106.42 0
1456 106.42 0
1457 106.42 0
1458 106.42 0
1459 106.421 0
1460 106.421 0
1461 106.421 0
1462 106.421 0
1463 106.421 0
1464 106.421 0
1465 106.421 0
1466 106.421 0
1467 106.421 0
1468 106.421 0
1469 106.421 0
1470 106.421 0
1471 106.421 0
1472 106.421 0
1473 106.421 0
1474 106.421 0
1475 106.421 0
1476 106.421 0
1477 106.422 0
1478 106.422 0
1479 106.422 0
1480 106.422 0
1481 106.422 0
1482 106.422 0
1483 106.422 0
1484 106.422 0
1485 106.422 0
1486 106.422 0
1487 106.422 0
1488 106.422 0
1489 106.422 0
1490 106.422 0
1491 106.422 0
1492 106.422 0
1493 106.422 0
1494 106.422 0
1495 106.422 0
1496 106.422 0
1497 106.422 0
1498 106.422 0
1499 106.422 0
1500 106.422 0
1501 106.422 0
1502 106.422 0
1503 106.422 0
1504 106.422 0
1505 106.422 0
1506 106.422 0
1507 106.422 0
1508 106.422 0
1509 106.422 0
1510 106.422 0
1511 106.422 0
1512 106.423 0
1513 106.423 0
1514 106.423 0
1515 106.423 0
1516 106.423 0
1517 106.423 0
1518 106.423 0
1519 106.423 0
1520 106.424 0
1521 104.434 0
1522 104.434 0
1523 104.434 0
1524 104.434 0
1525 104.434 0
1526 104.434 0
1527 104.434 0
1528 104.434 0
1529 104.434 0
1530 104.434 0
1531 104.434 0
1532 104.434 0
1533 104.434 0
1534 104.434 0
1535 104.434 0
1536 104.434 0
1537 104.435 0
1538 104.435 0
1539 104.435 0
1540 104.435 0
1541 104.435 0
1542 104.435 0
1543 104.435 0
1544 104.435 0
1545 104.435 0
1546 104.435 0
1547 104.435 0
1548 104.435 0
1549 104.435 0
1550 104.435 0
1551 104.435 0
1552 104.435 0
1553 104.435 0
1554 104.435 0
1555 104.435 0
1556 104.435 0
1557 104.435 0
1558 104.435 0
1559 104.435 0
1560 104.435 0
1561 104.435 0
1562 104.435 0
1563 104.434 0
1564 104.434 0
1565 104.434 0
1566 104.434 0
1567 104.434 0
1568 104.434 0
1569 104.434 0
1570 104.434 0
1571 104.434 0
1572 104.434 0
1573 104.434 0
1574 104.434 0
1575 104.434 0
1576 104.434 0
1577 104.434 0
1578 104.434 0
1579 104.434 0
1580 104.434 0
1581 104.434 0
1582 104.434 0
1583 104.434 0
1584 104.434 0
1585 104.434 0
1586 104.434 0
1587 104.434 0
1588 104.434 0
1589 104.434 0
1590 104.434 0
1591 104.434 0
1592 104.434 0
1593 104.434 0
1594 104.434 0
1595 104.434 0
1596 104.434 0
1597 104.434 0
1598 104.434 0
1599 104.434 0
1600 104.434 0
1601 104.434 0
1602 104.434 0
1603 104.434 0
1604 104.434 0
1605 104.434 0
1606 104.434 0
1607 104.433 0
1608 104.433 0
1609 104.433 0
1610 104.433 0
1611 104.433 0
1612 104.433 0
1613 104.433 0
1614 104.434 0
1615 104.433 0
1616 104.433 0
1617 104.433 0
1618 104.433 0
1619 104.433 0
1620 104.433 0
1621 104.433 0
1622 104.433 0
1623 104.433 0
1624 100.73 0
1625 100.73 0
1626 100.73 0
1627 100.73 0
1628 100.73 0
1629 100.73 0
1630 100.73 0
1631 100.73 0
1632 100.73 0
1633 100.73 0
1634 100.73 0
1635 100.73 0
1636 100.73 0
1637 100.73 0
1638 100.73 0
1639 100.73 0
1640 100.729 0
1641 100.729 0
1642 100.729 0
1643 100.729 0
1644 100.729 0
1645 100.729 0
1646 100.729 0
1647 100.729 0
1648 100.729 0
1649 100.73 0
1650 100.73 0
1651 100.73 0
1652 100.73 0
1653 100.73 0
1654 100.73 0
1655 100.73 0
1656 100.73 0
1657 100.73 0
1658 100.73 0
1659 100.732 0
1660 100.732 0
1661 100.732 0
1662 100.732 0
1663 100.732 0
1664 100.732 0
1665 100.732 0
1666 100.732 0
1667 95.6066 0
1668 95.6066 0
1669 95.6066 0
1670 95.6066 0
1671 95.6066 0
1672 95.6066 0
1673 95.6066 0
1674 95.6066 0
1675 95.6071 0
1676 95.6071 0
1677 95.6071 0
1678 95.6071 0
1679 95.6071 0
1680 95.6071 0
1681 95.6071 0
1682 95.6071 0
1683 95.6063 0
1684 95.6063 0
1685 95.6063 0
1686 95.6063 0
1687 95.6063 0
1688 95.6063 0
1689 95.6063 0
1690 95.6063 0
1691 95.6063 0
1692 95.6069 0
1693 95.6069 0
1694 95.6069 0
1695 95.6069 0
1696 95.6069 0
1697 95.6069 0
1698 95.6069 0
1699 95.6069 0
1700 95.6069 0
1701 95.6071 0
1702 95.6071 0
1703 95.6071 0
1704 95.6071 0
1705 95.6071 0
1706 95.6071 0
1707 95.6071 0
1708 95.6071 0
1709 95.607 0
1710 95.607 0
1711 95.607 0
1712 95.607 0
1713 95.607 0
1714 95.607 0
1715 95.607 0
1716 95.607 0
1717 95.607 0
1718 95.6066 0
1719 95.6071 0
1720 95.6071 0
1721 95.6071 0
1722 95.6071 0
1723 95.6071 0
1724 95.6071 0
1725 95.6071 0
1726 95.6071 0
1727 95.6077 0
1728 95.6077 0
1729 95.6077 0
1730 95.6077 0
1731 95.6077 0
1732 95.6077 0
1733 95.6077 0
1734 95.6077 0
1735 95.6075 0
1736 95.6075 0
1737 95.6075 0
1738 95.6075 0
1739 95.6075 0
1740 95.6075 0
1741 95.6075 0
1742 95.6075 0
1743 95.6075 0
1744 95.6077 0
1745 95.6059 0
1746 95.6059 0
1747 95.6059 0
1748 95.6059 0
1749 95.6059 0
1750 95.6059 0
1751 95.6059 0
1752 95.606 0
1753 95.606 0
1754 95.606 0
1755 95.606 0
1756 95.606 0
1757 95.606 0
1758 95.606 0
1759 95.606 0
1760 95.606 0
1761 95.6059 0
1762 95.5836 0
1763 95.5836 0
1764 95.5836 0
1765 95.5836 0
1766 95.5836 0
1767 95.5836 0
1768 95.5836 0
1769 95.5841 0
1770 119.06 0
1771 119.06 0
1772 119.06 0
1773 119.06 0
1774 119.06 0
1775 119.06 0
1776 119.06 0
1777 119.06 0
1778 119.06 0
1779 119.06 0
1780 119.06 0
1781 119.06 0
1782 119.06 0
1783 119.06 0
1784 119.06 0
1785 119.06 0
1786 119.06 0
1787 119.06 0
1788 119.06 0
1789 119.06 0
1790 119.06 0
1791 119.06 0
1792 119.06 0
1793 119.06 0
1794 119.06 0
1795 119.06 0
1796 119.06 0
1797 119.059 0
1798 119.059 0
1799 119.059 0
1800 119.059 0
1801 119.059 0
1802 119.059 0
1803 119.059 0
1804 119.059 0
1805 119.06 0
1806 119.061 0
1807 119.061 0
1808 119.061 0
1809 119.061 0
1810 119.061 0
1811 119.061 0
1812 119.061 0
1813 119.061 0
1814 119.061 0
1815 114.799 0
1816 114.799 0
1817 114.799 0
1818 114.799 0
1819 114.799 0
1820 114.799 0
1821 114.799 0
1822 114.799 0
1823 114.799 0
1824 114.799 0
1825 114.799 0
1826 114.799 0
1827 114.799 0
1828 114.799 0
1829 114.799 0
1830 114.799 0
1831 114.799 0
1832 114.799 0
1833 114.799 0
1834 114.799 0
1835 114.799 0
1836 114.799 0
1837 114.799 0
1838 114.799 0
1839 114.799 0
1840 114.799 0
1841 114.799 0
1842 114.799 0
1843 114.799 0
1844 114.799 0
1845 114.799 0
1846 114.799 0
1847 114.799 0
1848 114.799 0
1849 114.799 0
1850 114.799 0
1851 114.799 0
1852 114.799 0
1853 114.799 0
1854 114.799 0
1855 114.799 0
1856 114.799 0
1857 114.799 0
1858 114.8 0
1859 114.8 0
1860 114.8 0
1861 114.8 0
1862 114.8 0
1863 114.8 0
1864 114.8 0
1865 114.8 0
1866 114.8 0
1867 114.8 0
1868 114.8 0
1869 114.8 0
1870 114.8 0
1871 114.8 0
1872 114.8 0
1873 114.8 0
1874 114.8 0
1875 114.8 0
1876 114.8 0
1877 114.8 0
1878 114.8 0
1879 114.8 0
1880 114.8 0
1881 114.8 0
1882 114.8 0
1883 114.8 0
1884 114.8 0
1885 114.8 0
1886 114.8 0
1887 114.8 0
1888 114.8 0
1889 114.8 0
1890 114.8 0
1891 114.8 0
1892 114.8 0
1893 114.8 0
1894 114.8 0
1895 114.8 0
1896 114.8 0
1897 114.8 0
1898 114.8 0
1899 114.8 0
1900 114.8 0
1901 114.8 0
1902 114.8 0
1903 114.8 0
1904 114.8 0
1905 114.8 0
1906 114.8 0
1907 114.8 0
1908 114.8 0
1909 114.8 0
1910 114.8 0
1911 114.8 0
1912 114.8 0
1913 114.8 0
1914 114.8 0
1915 114.8 0
1916 114.8 0
1917 114.8 0
1918 114.8 0
1919 114.8 0
1920 114.8 0
1921 114.8 0
1922 114.8 0
1923 114.8 0
1924 114.8 0
1925 114.8 0
1926 114.8 0
1927 114.8 0
1928 114.8 0
1929 114.801 0
1930 114.801 0
1931 114.801 0
1932 114.801 0
1933 114.801 0
1934 114.801 0
1935 114.801 0
1936 114.801 0
1937 114.8 0
1938 114.801 0
1939 114.801 0
1940 114.801 0
1941 114.801 0
1942 114.801 0
1943 114.801 0
1944 114.801 0
1945 114.801 0
1946 114.801 0
1947 114.801 0
1948 114.801 0
1949 114.801 0
1950 114.801 0
1951 114.801 0
1952 114.801 0
1953 114.801 0
1954 114.801 0
1955 114.802 0
1956 114.802 0
1957 114.802 0
1958 114.802 0
1959 114.802 0
1960 114.802 0
1961 114.802 0
1962 114.802 0
1963 114.801 0
1964 114.801 0
1965 114.801 0
1966 114.801 0
1967 114.801 0
1968 114.801 0
1969 114.801 0
1970 114.801 0
1971 114.801 0
1972 114.801 0
1973 114.801 0
1974 114.801 0
1975 114.801 0
1976 114.801 0
1977 114.801 0
1978 114.801 0
1979 114.801 0
1980 114.801 0
1981 114.801 0
1982 114.801 0
1983 114.801 0
1984 114.801 0
1985 114.801 0
1986 114.801 0
1987 114.801 0
1988 114.801 0
1989 114.801 0
1990 114.801 0
1991 114.801 0
1992 114.801 0
1993 114.801 0
1994 114.801 0
1995 114.801 0
1996 114.801 0
1997 114.801 0
1998 114.801 0
1999 114.801 0
2000 114.801 0
2001 114.801 0
2002 114.801 0
2003 114.801 0
2004 114.801 0
2005 114.801 0
2006 114.801 0
2007 114.801 0
2008 114.801 0
2009 114.801 0
2010 114.801 0
2011 114.801 0
2012 114.801 0
2013 114.801 0
2014 114.801 0
2015 114.801 0
2016 114.808 0
2017 114.808 0
2018 114.808 0
2019 114.808 0
2020 114.808 0
2021 114.808 0
2022 114.808 0
2023 114.808 0
2024 106.884 0
2025 106.884 0
2026 106.884 0
2027 106.884 0
2028 106.884 0
2029 106.884 0
2030 106.884 0
2031 106.884 0
2032 106.883 0
2033 106.883 0
2034 106.883 0
2035 106.883 0
2036 106.883 0
2037 106.883 0
2038 106.883 0
2039 106.883 0
2040 106.883 0
2041 106.883 0
2042 106.883 0
2043 106.883 0
2044 106.883 0
2045 106.883 0
2046 106.883 0
2047 106.883 0
2048 106.883 0
2049 106.883 0
2050 106.883 0
2051 106.883 0
2052 106.883 0
2053 106.883 0
2054 106.883 0
2055 106.883 0
2056 106.883 0
2057 106.883 0
2058 106.882 0
2059 106.889 0
2060 106.889 0
2061 106.889 0
2062 106.889 0
2063 106.889 0
2064 106.889 0
2065 106.889 0
2066 106.889 0
2067 106.889 0
2068 95.9899 0
2069 95.9899 0
2070 95.9899 0
2071 95.9899 0
2072 95.9899 0
2073 95.9899 0
2074 95.9899 0
2075 95.9903 0
2076 95.9907 0
2077 95.9907 0
2078 95.9907 0
2079 95.9907 0
2080 95.9907 0
2081 95.9907 0
2082 95.9907 0
2083 95.9907 0
2084 95.9914 0
2085 95.9914 0
2086 95.9914 0
2087 95.9914 0
2088 95.9914 0
2089 95.9914 0
2090 95.9914 0
2091 95.9914 0
2092 95.9914 0
2093 95.9914 0
2094 95.9914 0
2095 95.9914 0
2096 95.9914 0
2097 95.9914 0
2098 95.9914 0
2099 95.9914 0
2100 95.9914 0
2101 95.9911 0
2102 95.9927 0
2103 95.9927 0
2104 95.9927 0
2105 95.9927 0
2106 95.9927 0
2107 95.9927 0
2108 95.9927 0
2109 95.9927 0
2110 95.9937 0
2111 95.9937 0
2112 95.9937 0
2113 95.9937 0
2114 95.9937 0
2115 95.9937 0
2116 95.9937 0
2117 95.9937 0
2118 95.9937 0
2119 95.9941 0
2120 95.9941 0
2121 95.9941 0
2122 95.9941 0
2123 95.9941 0
2124 95.9941 0
2125 95.9941 0
2126 95.9941 0
2127 95.9941 0
2128 95.9941 0
2129 95.9941 0
2130 95.9941 0
2131 95.9941 0
2132 95.9941 0
2133 95.9941 0
2134 95.9941 0
2135 95.9941 0
2136 95.9938 0
2137 95.9938 0
2138 -69.0133 0
2139 56.0366 0
2140 118.093 0
2141 113.041 0
2142 -11.5618 0
2143 118.031 0
2144 153.349 0
2145 147.21 0
2146 53.761 0
2147 131.956 0
2148 147.649 0
2149 57.99 0
2150 82.6113 0
2151 127.815 0
2152 133.957 0
2153 121.707 0
2154 88.1549 0
2155 93.0031 0
2156 121.545 0
2157 111.492 0
2158 103.772 0
2159 120.39 0
2160 110.333 0
2161 103.065 0
2162 98.5282 0
2163 96.018 0
2164 95.86 0
2165 101.114 0
2166 99.1313 0
2167 96.2528 0
2168 99.7719 0
2169 103.06 0
2170 96.8198 0
2171 102.301 0
2172 106.386 0
2173 108.86 0
2174 102.671 0
2175 107.2 0
2176 109.932 0
2177 103.103 0
2178 107.362 0
2179 109.186 0
2180 110.01 0
2181 110.046 0
2182 108.143 0
2183 108.331 0
2184 109.145 0
2185 108.324 0
2186 107.477 0
2187 106.99 0
2188 106.611 0
2189 106.418 0
2190 106.799 0
2191 106.612 0
2192 106.61 0
2193 106.464 0
2194 106.714 0
2195 106.713 0
2196 106.711 0
2197 106.577 0
2198 106.662 0
2199 106.739 0
2200 106.757 0
2201 106.698 0
2202 106.932 0
2203 107.134 0
2204 107.089 0
2205 107.04 0
2206 106.536 0
2207 105.742 0
2208 105.321 0
2209 103.396 0
2210 101.07 0
2211 98.603 0
2212 96.0874 0
2213 93.5989 0
2214 91.0034 0
2215 88.6864 0
2216 86.168 0
2217 83.8987 0
2218 85.8029 0
2219 80.5521 0
2220 76.1331 0
2221 71.9413 0
2222 68.373 0
2223 72.6856 0
2224 65.6347 0
2225 59.3311 0
2226 54.6236 0
2227 50.9564 0
2228 58.6479 0
2229 52.0395 0
2230 45.8406 0
2231 43.6833 0
2232 46.5442 0
2233 45.3131 0
2234 32.8138 0
2235 24.7104 0
2236 31.2073 0
2237 27.1252 0
2238 14.433 0
2239 5.05466 0
2240 -0.544015 0
2241 12.081 0
2242 1.83723 0
2243 -2.14165 0
2244 -5.69113 0
2245 -6.42214 0
2246 -5.42074 0
2247 -5.50731 0
2248 -2.64057 0
2249 0.0518569 0
2250 -5.0255 0
2251 -0.113872 0
2252 4.21443 0
2253 7.52393 0
2254 2.9558 0
2255 8.98082 0
2256 13.3753 0
2257 16.1778 0
2258 16.1295 0
2259 16.1129 0
2260 17.4977 0
2261 17.4977 0
2262 17.4977 0
2263 17.4977 0
2264 17.4977 0
2265 17.4977 0
2266 17.4977 0
2267 17.4977 0
2268 17.4964 0
2269 19.9304 0
2270 13.5272 0
2271 8.09392 0
2272 -2.72545 0
2273 -3.70508 0
2274 -1.40347 0
2275 5.50181 0
2276 -2.86818 0
2277 -0.908769 0
2278 0.891259 0
2279 4.62107 0
2280 0.22685 0
2281 0.22685 0
2282 0.22685 0
2283 0.22685 0
2284 0.22685 0
2285 0.22685 0
2286 0.22685 0
2287 0.22685 0
2288 0.226794 0
2289 0.221547 0
2290 0.221547 0
2291 0.221547 0
2292 0.221547 0
2293 0.221547 0
2294 0.221547 0
2295 0.221547 0
2296 0.22112 0
2297 0.22112 0
2298 0.22112 0
2299 0.22112 0
2300 0.22112 0
2301 0.22112 0
2302 0.22112 0
2303 0.22112 0
2304 0.22112 0
2305 0.220885 0
2306 0.220834 0
2307 0.220834 0
2308 0.220834 0
2309 0.220834 0
2310 0.220834 0
2311 0.220834 0
2312 0.220834 0
2313 0.220834 0
2314 0.220848 0
2315 0.591268 0
2316 0.591268 0
2317 0.591268 0
2318 0.591268 0
2319 0.591268 0
2320 0.591268 0
2321 0.591268 0
2322 0.591268 0
2323 0.591115 0
2324 0.591559 0
2325 0.591559 0
2326 0.591559 0
2327 0.591559 0
2328 0.591559 0
2329 0.591559 0
2330 0.591559 0
2331 0.591559 0
2332 0.591774 0
2333 0.591774 0
2334 0.591774 0
2335 0.591774 0
2336 0.591774 0
2337 0.591774 0
2338 0.591774 0
2339 0.591774 0
2340 0.591854 0
2341 0.591856 0
2342 0.591856 0
2343 0.591856 0
2344 0.591856 0
2345 0.591856 0
2346 0.591856 0
2347 0.591856 0
2348 0.591856 0
2349 0.591856 0
2350 0.591777 0
2351 0.591191 0
2352 0.591191 0
2353 0.591191 0
2354 0.591191 0
2355 0.591191 0
2356 0.591191 0
2357 0.591191 0
2358 0.591222 0
2359 1.22456 0
2360 1.22456 0
2361 1.22456 0
2362 1.22456 0
2363 1.22456 0
2364 1.22456 0
2365 1.22456 0
2366 1.22456 0
2367 1.22466 0
2368 1.22466 0
2369 1.22466 0
2370 1.22466 0
2371 1.22466 0
2372 1.22466 0
2373 1.22466 0
2374 1.22466 0
2375 1.22466 0
2376 1.22395 0
2377 1.22395 0
2378 1.22395 0
2379 1.22395 0
2380 1.22395 0
2381 1.22395 0
2382 1.22395 0
2383 1.22395 0
2384 1.22374 0
2385 1.22374 0
2386 1.22374 0
2387 1.22374 0
2388 1.22374 0
2389 1.22374 0
2390 1.22374 0
2391 1.22374 0
2392 1.22374 0
2393 1.22374 0
2394 1.22382 0
2395 1.22382 0
2396 1.22382 0
2397 1.22382 0
2398 1.22382 0
2399 1.22382 0
2400 1.22382 0
2401 1.22382 0
2402 1.22409 0
2403 1.22386 0
2404 1.22386 0
2405 1.22386 0
2406 1.22386 0
2407 1.22386 0
2408 1.22386 0
2409 1.22386 0
2410 1.22386 0
2411 1.22371 0
2412 1.22371 0
2413 1.22371 0
2414 1.22371 0
2415 1.22371 0
2416 1.22371 0
2417 1.22371 0
2418 1.22371 0
2419 1.22407 0
2420 1.22407 0
2421 1.22393 0
2422 1.22393 0
2423 1.22393 0
2424 1.22393 0
2425 1.22393 0
2426 1.22393 0
2427 1.22393 0
2428 1.22393 0
2429 1.22379 0
2430 2.00924 0
2431 2.00924 0
2432 2.00924 0
2433 2.00924 0
2434 2.00924 0
2435 2.00924 0
2436 2.00924 0
2437 2.00896 0
2438 2.00896 0
2439 2.00895 0
2440 2.00895 0
2441 2.00895 0
2442 2.00895 0
2443 2.00895 0
2444 2.00895 0
2445 2.00895 0
2446 2.00895 0
2447 2.00921 0
2448 2.00921 0
2449 2.00921 0
2450 2.00921 0
2451 2.00921 0
2452 2.00921 0
2453 2.00921 0
2454 2.00921 0
2455 2.00921 0
2456 2.00911 0
2457 2.00911 0
2458 2.00911 0
2459 2.00911 0
2460 2.00911 0
2461 2.00911 0
2462 2.00911 0
2463 2.00911 0
2464 2.00911 0
2465 2.00911 0
2466 2.00891 0
2467 2.00895 0
2468 2.00895 0
2469 2.00895 0
2470 2.00895 0
2471 2.00895 0
2472 2.00895 0
2473 2.00895 0
2474 2.00895 0
2475 2.00855 0
2476 2.07781 0
2477 2.07781 0
2478 2.07781 0
2479 2.07781 0
2480 2.07781 0
2481 2.07781 0
2482 2.07781 0
2483 2.07781 0
2484 2.07781 0
2485 2.07781 0
2486 2.07781 0
2487 2.07781 0
2488 2.07781 0
2489 2.07781 0
2490 2.07781 0
2491 2.07781 0
2492 2.07781 0
2493 2.07722 0
2494 2.07722 0
2495 2.07722 0
2496 2.07722 0
2497 2.07722 0
2498 2.07722 0
2499 2.07722 0
2500 2.07722 0
2501 2.07722 0
2502 2.07666 0
2503 2.07666 0
2504 2.07666 0
2505 2.07666 0
2506 2.07666 0
2507 2.07666 0
2508 2.07666 0
2509 2.07666 0
2510 2.07666 0
2511 2.07706 0
2512 2.07706 0
2513 2.07706 0
2514 2.07706 0
2515 2.07706 0
2516 2.07706 0
2517 2.07706 0
2518 2.07706 0
2519 2.07706 0
2520 2.07716 0
2521 2.07716 0
2522 2.07716 0
2523 2.07716 0
2524 2.07716 0
2525 2.07716 0
2526 2.07716 0
2527 2.07716 0
2528 2.07716 0
2529 2.07701 0
2530 2.07701 0
2531 2.07701 0
2532 2.07701 0
2533 2.07701 0
2534 2.07701 0
2535 2.07701 0
2536 2.07701 0
2537 2.07701 0
2538 2.07701 0
2539 2.07701 0
2540 2.07766 0
2541 2.07766 0
2542 2.07766 0
2543 2.07766 0
2544 2.07766 0
2545 2.07766 0
2546 2.07766 0
2547 2.07766 0
2548 2.07766 0
2549 2.07783 0
2550 2.07783 0
2551 2.07783 0
2552 2.07783 0
2553 2.07783 0
2554 2.07783 0
2555 2.07783 0
2556 2.07783 0
2557 2.07783 0
2558 2.07783 0
2559 2.07736 0
2560 2.07785 0
2561 2.07785 0
2562 2.07785 0
2563 2.07785 0
2564 2.07785 0
2565 2.07785 0
2566 2.07785 0
2567 2.07785 0
2568 2.07767 0
2569 2.07767 0
2570 2.07767 0
2571 2.07767 0
2572 2.07767 0
2573 2.07767 0
2574 2.07767 0
2575 2.07767 0
2576 2.07767 0
2577 2.07799 0
2578 2.07799 0
2579 2.07799 0
2580 2.07799 0
2581 2.07799 0
2582 2.07799 0
2583 2.07799 0
2584 2.07799 0
2585 2.07799 0
2586 2.07818 0
2587 2.07818 0
2588 2.07818 0
2589 2.07818 0
2590 2.07818 0
2591 2.07818 0
2592 2.07818 0
2593 2.07818 0
2594 2.07818 0
2595 2.07779 0
2596 2.0778 0
2597 2.0778 0
2598 2.0778 0
2599 2.0778 0
2600 2.0778 0
2601 2.0778 0
2602 2.0778 0
2603 2.0778 0
2604 2.07784 0
2605 2.07704 0
2606 2.07704 0
2607 2.07704 0
2608 2.07704 0
2609 2.07704 0
2610 2.07704 0
2611 2.07704 0
2612 2.07704 0
2613 2.077 0
2614 2.32307 0
2615 2.32307 0
2616 2.32307 0
2617 2.32307 0
2618 2.32307 0
2619 2.32307 0
2620 2.32307 0
2621 2.32307 0
2622 2.32301 0
2623 2.32301 0
2624 2.32301 0
2625 2.32301 0
2626 2.32301 0
2627 2.32301 0
2628 2.32301 0
2629 2.32301 0
2630 2.32301 0
2631 2.32321 0
2632 2.32321 0
2633 2.32321 0
2634 2.32321 0
2635 2.32321 0
2636 2.32321 0
2637 2.32321 0
2638 2.32321 0
2639 2.32321 0
2640 2.32321 0
2641 2.32321 0
2642 2.32321 0
2643 2.32321 0
2644 2.32321 0
2645 2.32321 0
2646 2.32321 0
2647 2.32321 0
2648 2.32321 0
2649 2.323 0
2650 2.323 0
2651 2.32341 0
2652 2.32341 0
2653 2.32341 0
2654 2.32341 0
2655 2.32341 0
2656 2.32341 0
2657 2.32341 0
2658 2.32383 0
2659 2.32383 0
2660 2.32383 0
2661 2.32383 0
2662 2.32383 0
2663 2.32383 0
2664 2.32383 0
2665 2.32383 0
2666 2.32383 0
2667 2.32352 0
2668 2.32352 0
2669 2.32352 0
2670 2.32352 0
2671 2.32352 0
2672 2.32352 0
2673 2.32352 0
2674 2.32352 0
2675 2.32352 0
2676 2.3234 0
2677 2.3234 0
2678 2.3234 0
2679 2.3234 0
2680 2.3234 0
2681 2.3234 0
2682 2.3234 0
2683 2.3234 0
2684 2.3234 0
2685 2.32318 0
2686 2.32318 0
2687 2.32318 0
2688 2.32318 0
2689 2.32318 0
2690 2.32318 0
2691 2.32318 0
2692 2.32318 0
2693 2.32318 0
2694 2.32349 0
2695 2.3229 0
2696 2.3229 0
2697 2.3229 0
2698 2.3229 0
2699 2.3229 0
2700 2.3229 0
2701 2.3229 0
2702 2.3229 0
2703 2.73836 0
2704 2.73836 0
2705 2.73836 0
2706 2.73836 0
2707 2.73836 0
2708 2.73836 0
2709 2.73836 0
2710 2.73836 0
2711 2.73836 0
2712 2.73783 0
2713 2.73783 0
2714 2.73783 0
2715 2.73783 0
2716 2.73783 0
2717 2.73783 0
2718 2.73783 0
2719 2.73783 0
2720 2.73783 0
2721 2.73783 0
2722 2.73783 0
2723 2.73783 0
2724 2.73729 0
2725 2.73712 0
2726 2.73712 0
2727 2.73712 0
2728 2.73712 0
2729 2.73712 0
2730 2.73712 0
2731 2.73712 0
2732 2.73734 0
2733 2.73734 0
2734 2.73734 0
2735 2.73734 0
2736 2.73734 0
2737 2.73734 0
2738 2.73734 0
2739 2.73734 0
2740 2.73734 0
2741 2.7374 0
2742 2.7374 0
2743 2.7374 0
2744 2.7374 0
2745 2.7374 0
2746 2.7374 0
2747 2.7374 0
2748 2.7374 0
2749 2.7374 0
2750 2.73673 0
2751 2.73673 0
2752 2.73673 0
2753 2.73673 0
2754 2.73673 0
2755 2.73673 0
2756 2.73673 0
2757 2.73673 0
2758 2.73673 0
2759 2.73673 0
2760 2.73709 0
2761 2.73709 0
2762 2.73709 0
2763 2.73709 0
2764 2.73709 0
2765 2.73709 0
2766 2.73709 0
2767 2.73709 0
2768 2.73709 0
2769 2.73754 0
2770 2.73754 0
2771 2.73754 0
2772 2.73754 0
2773 2.73754 0
2774 2.73754 0
2775 2.73754 0
2776 2.73754 0
2777 2.73754 0
2778 2.73738 0
2779 2.73738 0
2780 2.73738 0
2781 2.73738 0
2782 2.73738 0
2783 2.73738 0
2784 2.73738 0
2785 2.73738 0
2786 2.73738 0
2787 2.73788 0
2788 2.73788 0
2789 2.73788 0
2790 2.73788 0
2791 2.73788 0
2792 2.73788 0
2793 2.73788 0
2794 2.73788 0
2795 2.73788 0
2796 2.73788 0
2797 2.73809 0
2798 2.73809 0
2799 2.73809 0
2800 2.73809 0
2801 2.73809 0
2802 2.73809 0
2803 2.73809 0
2804 2.73809 0
2805 2.73809 0
2806 2.73809 0
2807 2.73864 0
2808 2.73852 0
2809 2.73852 0
2810 2.73852 0
2811 2.73852 0
2812 2.73852 0
2813 2.73852 0
2814 2.73852 0
2815 2.73852 0
2816 2.73852 0
2817 2.73852 0
2818 2.73852 0
2819 3.2486 0
2820 3.2486 0
2821 3.2486 0
2822 3.2486 0
2823 3.2486 0
2824 3.2486 0
2825 3.2486 0
2826 3.2486 0
2827 3.24879 0
2828 3.24879 0
2829 3.24879 0
2830 3.24879 0
2831 3.24879 0
2832 3.24879 0
2833 3.24879 0
2834 3.24879 0
2835 3.24879 0
2836 3.24879 0
2837 3.2489 0
2838 3.2489 0
2839 3.2489 0
2840 3.2489 0
2841 3.2489 0
2842 3.2489 0
2843 3.2489 0
2844 3.2489 0
2845 3.2489 0
2846 3.249 0
2847 3.249 0
2848 3.249 0
2849 3.249 0
2850 3.249 0
2851 3.249 0
2852 3.249 0
2853 3.249 0
2854 3.249 0
2855 3.24936 0
2856 3.24936 0
2857 3.24936 0
2858 3.24936 0
2859 3.24936 0
2860 3.24936 0
2861 3.24936 0
2862 3.24936 0
2863 3.24936 0
2864 3.24975 0
2865 3.24975 0
2866 3.24975 0
2867 3.24975 0
2868 3.24975 0
2869 3.24975 0
2870 3.24975 0
2871 3.24975 0
2872 3.24975 0
2873 3.24975 0
2874 3.24964 0
2875 3.24964 0
2876 3.24964 0
2877 3.24964 0
2878 3.24964 0
2879 3.24964 0
2880 3.24964 0
2881 3.24964 0
2882 3.24964 0
2883 3.24885 0
2884 3.24885 0
2885 3.24885 0
2886 3.24885 0
2887 3.24885 0
2888 3.24885 0
2889 3.24885 0
2890 3.24885 0
2891 3.24885 0
2892 3.24973 0
2893 3.24973 0
2894 3.24973 0
2895 3.24973 0
2896 3.24973 0
2897 3.24973 0
2898 3.24973 0
2899 3.24973 0
2900 3.24973 0
2901 3.2496 0
2902 3.24948 0
2903 3.24948 0
2904 3.24948 0
2905 3.24948 0
2906 3.24948 0
2907 3.24948 0
2908 3.24948 0
2909 3.24948 0
2910 3.24948 0
2911 3.24945 0
2912 3.24945 0
2913 3.24945 0
2914 3.24945 0
2915 3.24945 0
2916 3.24945 0
2917 3.24945 0
2918 3.24945 0
2919 3.24945 0
2920 3.24945 0
2921 3.24945 0
2922 3.24945 0
2923 3.24945 0
2924 3.24945 0
2925 3.24945 0
2926 3.24945 0
2927 3.24945 0
2928 3.24945 0
2929 3.24945 0
2930 3.24916 0
2931 3.24871 0
2932 3.24871 0
2933 3.24871 0
2934 3.24871 0
2935 3.24871 0
2936 3.24871 0
2937 3.24871 0
2938 3.24871 0
2939 3.24927 0
2940 3.28763 0
2941 3.28763 0
2942 3.28763 0
2943 3.28763 0
2944 3.28763 0
2945 3.28763 0
2946 3.28763 0
2947 3.28763 0
2948 3.28763 0
2949 3.28802 0
2950 3.28782 0
2951 3.28782 0
2952 3.28782 0
2953 3.28782 0
2954 3.28782 0
2955 3.28782 0
2956 3.28782 0
2957 3.28782 0
2958 3.28795 0
2959 3.28697 0
2960 3.28697 0
2961 3.28697 0
2962 3.28697 0
2963 3.28697 0
2964 3.28697 0
2965 3.28697 0
2966 3.28697 0
2967 3.2869 0
2968 3.42246 0
2969 3.42246 0
2970 3.42246 0
2971 3.42246 0
2972 3.42246 0
2973 3.42246 0
2974 3.42246 0
2975 3.42246 0
2976 3.42246 0
2977 3.4225 0
2978 3.4225 0
2979 3.4225 0
2980 3.4225 0
2981 3.4225 0
2982 3.4225 0
2983 3.4225 0
2984 3.4225 0
2985 3.4225 0
2986 3.4225 0
2987 3.4225 0
2988 3.42221 0
2989 3.42221 0
2990 3.42221 0
2991 3.42221 0
2992 3.42221 0
2993 3.42221 0
2994 3.42221 0
2995 3.42221 0
2996 3.42221 0
2997 3.42217 0
2998 3.42217 0
2999 3.42217 0
3000 3.42217 0
3001 3.42217 0
3002 3.42217 0
3003 3.42217 0
3004 3.42217 0
3005 3.42217 0
3006 3.42217 0
3007 3.42217 0
3008 3.42219 0
3009 3.42219 0
3010 3.42219 0
3011 3.42219 0
3012 3.42219 0
3013 3.42219 0
3014 3.42219 0
3015 3.42219 0
3016 3.42219 0
3017 3.42241 0
3018 3.42241 0
3019 3.42241 0
3020 3.42241 0
3021 3.42241 0
3022 3.42241 0
3023 3.42241 0
3024 3.42241 0
3025 3.42241 0
3026 3.42216 0
3027 3.42216 0
3028 3.42216 0
3029 3.42216 0
3030 3.42216 0
3031 3.42216 0
3032 3.42216 0
3033 3.42216 0
3034 3.42216 0
3035 3.42166 0
3036 3.42168 0
3037 3.42168 0
3038 3.42168 0
3039 3.42168 0
3040 3.42168 0
3041 3.42168 0
3042 3.42168 0
3043 3.42168 0
3044 3.42143 0
3045 3.42143 0
3046 3.42143 0
3047 3.42143 0
3048 3.42143 0
3049 3.42143 0
3050 3.42143 0
3051 3.42143 0
3052 3.42143 0
3053 3.42141 0
3054 3.42141 0
3055 3.42141 0
3056 3.42141 0
3057 3.42141 0
3058 3.42141 0
3059 3.42141 0
3060 3.42141 0
3061 3.42141 0
3062 3.42187 0
3063 3.42187 0
3064 3.42187 0
3065 3.42187 0
3066 3.42187 0
3067 3.42187 0
3068 3.42187 0
3069 3.42187 0
3070 3.42187 0
3071 3.42168 0
3072 3.42168 0
3073 3.42168 0
3074 3.42168 0
3075 3.42168 0
3076 3.42168 0
3077 3.42168 0
3078 3.42168 0
3079 3.42168 0
3080 3.42168 0
3081 3.42165 0
3082 3.42165 0
3083 3.42165 0
3084 3.42165 0
3085 3.42165 0
3086 3.42165 0
3087 3.42165 0
3088 3.42165 0
3089 3.42165 0
3090 3.42165 0
3091 3.42165 0
3092 3.42172 0
3093 3.42172 0
3094 3.42172 0
3095 3.42172 0
3096 3.42172 0
3097 3.42172 0
3098 3.42172 0
3099 3.42172 0
3100 3.42172 0
3101 3.42172 0
3102 3.42176 0
3103 3.42176 0
3104 3.42176 0
3105 3.42176 0
3106 3.42176 0
3107 3.42176 0
3108 3.42176 0
3109 3.42176 0
3110 3.42176 0
3111 3.42176 0
3112 3.42214 0
3113 3.42214 0
3114 3.42214 0
3115 3.42214 0
3116 3.42214 0
3117 3.42214 0
3118 3.42214 0
3119 3.42214 0
3120 3.42214 0
3121 3.42214 0
3122 3.42214 0
3123 3.42194 0
3124 3.42194 0
3125 3.42194 0
3126 3.42194 0
3127 3.42194 0
3128 3.42194 0
3129 3.42194 0
3130 3.42194 0
3131 3.42194 0
3132 3.42177 0
3133 3.42177 0
3134 3.42177 0
3135 3.42177 0
3136 3.42177 0
3137 3.42177 0
3138 3.42177 0
3139 3.42177 0
3140 3.42177 0
3141 3.42236 0
3142 3.42236 0
3143 3.42236 0
3144 3.42236 0
3145 3.42236 0
3146 3.42236 0
3147 3.42236 0
3148 3.42236 0
3149 3.42236 0
3150 3.42231 0
3151 3.42231 0
3152 3.42231 0
3153 3.42231 0
3154 3.42231 0
3155 3.42231 0
3156 3.42231 0
3157 3.42231 0
3158 3.42231 0
3159 3.42253 0
3160 3.42262 0
3161 3.42262 0
3162 3.42262 0
3163 3.42262 0
3164 3.42262 0
3165 3.42262 0
3166 3.42262 0
3167 3.42262 0
3168 3.42257 0
3169 3.64611 0
3170 3.64611 0
3171 3.64611 0
3172 3.64611 0
3173 3.64611 0
3174 3.64611 0
3175 3.64611 0
3176 3.64605 0
3177 3.64605 0
3178 3.64605 0
3179 3.64605 0
3180 3.64605 0
3181 3.64605 0
3182 3.64605 0
3183 3.64605 0
3184 3.64605 0
3185 3.6452 0
3186 3.6452 0
3187 3.6452 0
3188 3.6452 0
3189 3.6452 0
3190 3.6452 0
3191 3.6452 0
3192 3.6452 0
3193 3.6452 0
3194 3.6456 0
3195 3.6456 0
3196 3.6456 0
3197 3.6456 0
3198 3.6456 0
3199 3.6456 0
3200 3.6456 0
3201 3.6456 0
3202 3.6456 0
3203 3.64552 0
3204 3.64553 0
3205 3.64553 0
3206 3.64553 0
3207 3.64553 0
3208 3.64553 0
3209 3.64553 0
3210 3.64553 0
3211 3.6456 0
3212 3.64529 0
3213 3.64529 0
3214 3.64529 0
3215 3.64529 0
3216 3.64529 0
3217 3.64529 0
3218 3.64529 0
3219 3.64529 0
3220 3.64526 0
3221 3.64631 0
3222 3.64631 0
3223 3.64631 0
3224 3.64631 0
3225 3.64631 0
3226 3.64631 0
3227 3.64631 0
3228 3.64631 0
3229 3.64604 0
3230 3.91403 0
3231 3.91403 0
3232 3.91403 0
3233 3.91403 0
3234 3.91403 0
3235 3.91403 0
3236 3.91403 0
3237 3.91403 0
3238 3.91404 0
3239 3.91422 0
3240 3.91422 0
3241 3.91422 0
3242 3.91422 0
3243 3.91422 0
3244 3.91422 0
3245 3.91422 0
3246 3.91422 0
3247 3.9151 0
3248 3.9151 0
3249 3.9151 0
3250 3.9151 0
3251 3.9151 0
3252 3.9151 0
3253 3.9151 0
3254 3.9151 0
3255 3.9151 0
3256 3.91475 0
3257 3.91475 0
3258 3.91475 0
3259 3.91475 0
3260 3.91475 0
3261 3.91475 0
3262 3.91475 0
3263 3.91475 0
3264 3.91465 0
3265 3.9154 0
3266 3.9154 0
3267 3.9154 0
3268 3.9154 0
3269 3.9154 0
3270 3.9154 0
3271 3.9154 0
3272 3.9154 0
3273 3.91556 0
3274 3.91556 0
3275 -7.84692 0
3276 -7.84692 0
3277 -7.84692 0
3278 -7.84692 0
3279 -7.84692 0
3280 -7.84692 0
3281 -7.84692 0
3282 -7.84735 0
3283 -25.5379 0
3284 -34.0516 0
3285 -35.1549 0
3286 -34.9615 0
3287 -34.8716 0
3288 -35.4652 0
3289 -35.6104 0
3290 -35.7649 0
3291 -35.9017 0
3292 -35.7415 0
3293 -36.012 0
3294 -36.0773 0
3295 -36.2799 0
3296 -36.3816 0
3297 -36.3861 0
3298 -36.3316 0
3299 -36.2318 0
3300 -36.2033 0
3301 -36.017 0
3302 -35.8745 0
3303 -35.9419 0
3304 -35.6766 0
3305 -35.493 0
3306 -35.3425 0
3307 -35.6081 0
3308 -35.3703 0
3309 -35.3712 0
3310 -35.3732 0
3311 -35.3019 0
3312 -35.3019 0
3313 -35.3019 0
3314 -35.3019 0
3315 -35.3019 0
3316 -35.3019 0
3317 -35.3019 0
3318 -35.3019 0
3319 -35.3019 0
3320 -35.3019 0
3321 -35.3019 0
3322 -35.3017 0
3323 -35.1211 0
3324 -35.5209 0
3325 -35.8219 0
3326 -36.1903 0
3327 -35.4786 0
3328 -35.7838 0
3329 -36.2232 0
3330 -36.1837 0
3331 -36.1159 0
3332 -36.0355 0
3333 -35.9614 0
3334 -35.8993 0
3335 -35.8978 0
3336 -35.852 0
3337 -35.8519 0
3338 -35.9024 0
3339 -35.8936 0
3340 -35.8498 0
3341 -35.85 0
3342 -35.9045 0
3343 -35.9043 0
3344 -35.904 0
3345 -35.8451 0
3346 -35.8462 0
3347 -35.9101 0
3348 -35.9084 0
3349 -35.9078 0
3350 -35.8426 0
3351 -35.9116 0
3352 -35.9103 0
3353 -35.912 0
3354 -35.8397 0
3355 -35.8406 0
3356 -35.9133 0
3357 -35.9153 0
3358 -35.9148 0
3359 -35.9142 0
3360 -35.9124 0
3361 -35.9165 0
3362 -35.9173 0
3363 -35.8334 0
3364 -35.9529 0
3365 -35.9157 0
3366 -35.8366 0
3367 -35.8334 0
3368 -35.8655 0
3369 -35.8362 0
3370 -35.8322 0
3371 -36.8477 0
3372 -35.8759 0
3373 -36.7036 0
3374 -36.2057 0
3375 -36.9438 0
3376 -36.6847 0
3377 -36.1661 0
3378 -36.1681 0
3379 -36.1681 0
3380 -33.974 0
3381 -33.974 0
3382 -33.974 0
3383 -33.974 0
3384 -33.974 0
3385 -33.974 0
3386 -33.974 0
3387 -33.974 0
3388 -33.974 0
3389 -32.6155 0
3390 -34.4385 0
3391 -35.1981 0
3392 -36.2188 0
3393 -34.4264 0
3394 -35.4176 0
3395 -36.2439 0
3396 -34.4315 0
3397 -35.2861 0
3398 -35.9663 0
3399 -36.4059 0
3400 -36.6264 0
3401 -36.6675 0
3402 -36.5879 0
3403 -36.3315 0
3404 -36.3884 0
3405 -36.1577 0
3406 -35.9812 0
3407 -36.0451 0
3408 -36.032 0
3409 -35.7737 0
3410 -35.7754 0
3411 -35.7909 0
3412 -35.7906 0
3413 -35.7725 0
3414 -35.7758 0
3415 -35.7903 0
3416 -35.7927 0
3417 -35.7715 0
3418 -35.7922 0
3419 -35.7927 0
3420 -35.7947 0
3421 -35.7817 0
3422 -35.7951 0
3423 -35.8001 0
3424 -35.7874 0
3425 -35.7993 0
3426 -35.7981 0
3427 -35.8002 0
3428 -35.8001 0
3429 -35.8003 0
3430 -35.7988 0
3431 -35.7919 0
3432 -31.9402 0
3433 -21.8728 0
3434 13.1763 0
3435 43.2557 0
3436 6.37917 0
3437 29.4469 0
3438 24.1509 0
3439 7.47927 0
3440 34.3722 0
3441 66.1017 0
3442 103.393 0
3443 138.971 0
3444 138.971 0
3445 138.971 0
3446 138.971 0
3447 138.971 0
3448 138.971 0
3449 138.971 0
3450 138.971 0
3451 138.971 0
3452 138.972 0
3453 138.972 0
3454 138.972 0
3455 138.972 0
3456 138.972 0
3457 138.972 0
3458 138.972 0
3459 138.972 0
3460 138.972 0
3461 138.972 0
3462 138.972 0
3463 138.972 0
3464 138.972 0
3465 138.972 0
3466 138.972 0
3467 138.972 0
3468 138.972 0
3469 138.972 0
3470 138.972 0
3471 138.972 0
3472 138.972 0
3473 138.972 0
3474 138.972 0
3475 138.972 0
3476 138.972 0
3477 138.973 0
3478 138.973 0
3479 138.973 0
3480 138.973 0
3481 138.973 0
3482 138.973 0
3483 138.973 0
3484 138.973 0
3485 138.973 0
3486 138.973 0
3487 138.973 0
3488 138.973 0
3489 138.973 0
3490 138.973 0
3491 138.973 0
3492 138.973 0
3493 138.973 0
3494 138.973 0
3495 138.972 0
3496 138.972 0
3497 138.972 0
3498 138.972 0
3499 138.972 0
3500 138.972 0
3501 138.972 0
3502 138.972 0
3503 138.972 0
3504 138.974 0
3505 138.974 0
3506 138.974 0
3507 138.974 0
3508 138.974 0
3509 138.974 0
3510 138.974 0
3511 138.974 0
3512 138.974 0
3513 138.973 0
3514 138.973 0
3515 138.973 0
3516 138.973 0
3517 138.973 0
3518 138.973 0
3519 138.973 0
3520 138.973 0
3521 138.973 0
3522 138.973 0
3523 138.973 0
3524 138.973 0
3525 138.973 0
3526 138.973 0
3527 138.973 0
3528 138.973 0
3529 138.973 0
3530 138.974 0
3531 138.974 0
3532 138.974 0
3533 138.974 0
3534 138.974 0
3535 138.974 0
3536 138.974 0
3537 138.974 0
3538 138.974 0
3539 138.973 0
3540 138.973 0
3541 138.973 0
3542 138.973 0
3543 138.973 0
3544 138.973 0
3545 138.973 0
3546 138.973 0
3547 138.973 0
3548 138.973 0
3549 138.973 0
3550 138.973 0
3551 138.973 0
3552 138.973 0
3553 138.973 0
3554 138.973 0
3555 138.973 0
3556 138.973 0
3557 138.973 0
3558 138.973 0
3559 138.973 0
3560 138.973 0
3561 138.973 0
3562 138.973 0
3563 138.973 0
3564 138.973 0
3565 138.973 0
3566 138.973 0
3567 138.973 0
3568 138.973 0
3569 138.973 0
3570 138.973 0
3571 138.973 0
3572 138.973 0
3573 138.973 0
3574 138.973 0
3575 138.973 0
3576 138.973 0
3577 138.973 0
3578 138.973 0
3579 138.973 0
3580 138.973 0
3581 138.973 0
3582 138.973 0
3583 138.973 0
3584 138.974 0
3585 138.974 0
3586 138.974 0
3587 138.974 0
3588 138.974 0
3589 138.974 0
3590 138.974 0
3591 138.974 0
3592 138.974 0
3593 138.974 0
3594 138.973 0
3595 138.973 0
3596 138.973 0
3597 138.973 0
3598 138.973 0
3599 138.973 0
3600 138.973 0
3601 138.973 0
3602 138.973 0
3603 138.973 0
3604 138.973 0
3605 138.973 0
3606 138.973 0
3607 138.973 0
3608 138.973 0
3609 138.973 0
3610 138.973 0
3611 138.973 0
3612 138.973 0
3613 138.973 0
3614 138.973 0
3615 138.973 0
3616 138.977 0
3617 138.977 0
3618 138.977 0
3619 138.977 0
3620 138.977 0
3621 138.977 0
3622 138.977 0
3623 138.977 0
3624 138.977 0
3625 145.477 0
3626 145.477 0
3627 145.477 0
3628 145.477 0
3629 145.477 0
3630 145.477 0
3631 145.477 0
3632 145.477 0
3633 145.477 0
3634 145.477 0
3635 145.477 0
3636 145.477 0
3637 145.477 0
3638 145.477 0
3639 145.477 0
3640 145.477 0
3641 145.477 0
3642 145.477 0
3643 145.478 0
3644 145.478 0
3645 145.478 0
3646 145.478 0
3647 145.478 0
3648 145.478 0
3649 145.478 0
3650 145.478 0
3651 145.478 0
3652 145.478 0
3653 145.478 0
3654 145.478 0
3655 145.478 0
3656 145.478 0
3657 145.478 0
3658 145.478 0
3659 145.478 0
3660 145.478 0
3661 145.474 0
3662 145.474 0
3663 145.474 0
3664 145.474 0
3665 145.474 0
3666 145.474 0
3667 145.474 0
3668 145.474 0
3669 145.474 0
3670 145.474 0
3671 156.277 0
3672 156.277 0
3673 156.277 0
3674 156.277 0
3675 156.277 0
3676 156.277 0
3677 156.277 0
3678 156.277 0
3679 156.277 0
3680 156.277 0
3681 156.277 0
3682 156.277 0
3683 156.277 0
3684 156.277 0
3685 156.277 0
3686 156.277 0
3687 156.277 0
3688 156.277 0
3689 156.277 0
3690 156.277 0
3691 156.277 0
3692 156.278 0
3693 156.275 0
3694 156.275 0
3695 156.275 0
3696 156.275 0
3697 156.275 0
3698 156.275 0
3699 156.275 0
3700 156.275 0
3701 156.275 0
3702 168.816 0
3703 168.816 0
3704 168.816 0
3705 168.816 0
3706 168.816 0
3707 168.816 0
3708 168.816 0
3709 168.816 0
3710 168.816 0
3711 168.816 0
3712 168.816 0
3713 168.816 0
3714 168.816 0
3715 168.816 0
3716 168.816 0
3717 168.816 0
3718 168.816 0
3719 168.816 0
3720 168.816 0
3721 168.816 0
3722 168.816 0
3723 168.816 0
3724 168.816 0
3725 168.816 0
3726 168.816 0
3727 168.817 0
3728 170.138 0
3729 170.138 0
3730 170.138 0
3731 170.138 0
3732 170.138 0
3733 170.138 0
3734 170.138 0
3735 170.138 0
3736 170.138 0
3737 170.143 0
3738 170.143 0
3739 170.143 0
3740 170.143 0
3741 170.143 0
3742 170.143 0
3743 170.143 0
3744 170.143 0
3745 170.143 0
3746 170.143 0
3747 170.143 0
3748 170.143 0
3749 170.143 0
3750 170.143 0
3751 170.143 0
3752 170.143 0
3753 170.143 0
3754 170.143 0
3755 170.143 0
3756 170.143 0
3757 170.143 0
3758 170.143 0
3759 170.143 0
3760 170.143 0
3761 170.143 0
3762 170.143 0
3763 170.143 0
3764 170.143 0
3765 170.143 0
3766 170.143 0
3767 170.143 0
3768 170.143 0
3769 170.143 0
3770 170.143 0
3771 170.143 0
3772 170.143 0
3773 170.143 0
3774 170.143 0
3775 170.143 0
3776 170.143 0
3777 170.143 0
3778 170.143 0
3779 170.143 0
3780 170.143 0
3781 170.143 0
3782 170.143 0
3783 170.144 0
3784 170.144 0
3785 170.144 0
3786 170.144 0
3787 170.144 0
3788 170.144 0
3789 170.144 0
3790 170.144 0
3791 170.144 0
3792 174.768 0
3793 174.768 0
3794 174.768 0
3795 174.768 0
3796 174.768 0
3797 174.768 0
3798 174.768 0
3799 174.768 0
3800 174.768 0
3801 174.768 0
3802 174.768 0
3803 174.768 0
3804 174.768 0
3805 174.768 0
3806 174.768 0
3807 174.768 0
3808 174.768 0
3809 174.768 0
3810 174.769 0
3811 174.769 0
3812 174.769 0
3813 174.769 0
3814 174.769 0
3815 174.769 0
3816 174.769 0
3817 174.769 0
3818 174.769 0
3819 174.765 0
3820 174.765 0
3821 174.765 0
3822 174.765 0
3823 174.765 0
3824 174.765 0
3825 174.765 0
3826 174.765 0
3827 174.765 0
3828 182.207 0
3829 182.207 0
3830 182.207 0
3831 182.207 0
3832 182.207 0
3833 182.207 0
3834 182.207 0
3835 182.208 0
3836 182.208 0
3837 182.208 0
3838 182.208 0
3839 182.208 0
3840 182.208 0
3841 182.208 0
3842 182.208 0
3843 182.208 0
3844 182.208 0
3845 182.208 0
3846 182.208 0
3847 182.208 0
3848 182.208 0
3849 182.208 0
3850 182.208 0
3851 182.208 0
3852 182.208 0
3853 182.208 0
3854 182.208 0
3855 182.208 0
3856 182.208 0
3857 182.208 0
3858 182.208 0
3859 182.208 0
3860 182.208 0
3861 182.208 0
3862 182.208 0
3863 182.208 0
3864 182.208 0
3865 182.208 0
3866 182.208 0
3867 182.208 0
3868 182.208 0
3869 182.208 0
3870 182.208 0
3871 182.208 0
3872 182.208 0
3873 182.208 0
3874 182.208 0
3875 182.208 0
3876 182.208 0
3877 182.208 0
3878 182.208 0
3879 182.208 0
3880 182.208 0
3881 182.208 0
3882 182.208 0
3883 182.208 0
3884 182.208 0
3885 182.208 0
3886 182.208 0
3887 182.208 0
3888 182.208 0
3889 182.208 0
3890 182.208 0
3891 182.208 0
3892 182.208 0
3893 182.208 0
3894 182.208 0
3895 182.208 0
3896 182.208 0
3897 182.208 0
3898 182.208 0
3899 182.208 0
3900 182.208 0
3901 182.208 0
3902 182.208 0
3903 182.208 0
3904 182.208 0
3905 182.208 0
3906 182.208 0
3907 182.208 0
3908 182.208 0
3909 182.208 0
3910 182.208 0
3911 182.208 0
3912 182.208 0
3913 182.208 0
3914 182.208 0
3915 182.208 0
3916 182.208 0
3917 182.208 0
3918 182.208 0
3919 182.208 0
3920 182.208 0
3921 182.208 0
3922 182.208 0
3923 182.208 0
3924 182.208 0
3925 182.208 0
3926 182.208 0
3927 182.208 0
3928 182.208 0
3929 182.208 0
3930 182.208 0
3931 182.208 0
3932 182.208 0
3933 182.208 0
3934 182.208 0
3935 182.208 0
3936 182.208 0
3937 182.208 0
3938 182.208 0
3939 182.208 0
3940 182.208 0
3941 182.208 0
3942 182.208 0
3943 182.208 0
3944 182.208 0
3945 182.208 0
3946 182.208 0
3947 182.208 0
3948 182.208 0
3949 182.208 0
3950 182.208 0
3951 182.208 0
3952 182.208 0
3953 182.207 0
3954 182.208 0
3955 182.208 0
3956 182.208 0
3957 182.208 0
3958 182.208 0
3959 182.208 0
3960 182.208 0
3961 182.208 0
3962 182.208 0
3963 182.208 0
3964 182.208 0
3965 182.208 0
3966 182.208 0
3967 182.208 0
3968 182.208 0
3969 182.208 0
3970 182.208 0
3971 182.208 0
3972 182.208 0
3973 182.208 0
3974 182.208 0
3975 182.208 0
3976 182.208 0
3977 182.208 0
3978 182.208 0
3979 182.208 0
3980 182.209 0
3981 182.209 0
3982 182.209 0
3983 182.209 0
3984 182.209 0
3985 182.209 0
3986 182.209 0
3987 182.209 0
3988 182.209 0
3989 182.208 0
3990 182.208 0
3991 182.208 0
3992 182.208 0
3993 182.208 0
3994 182.208 0
3995 182.208 0
3996 182.208 0
3997 182.208 0
3998 182.209 0
3999 182.209 0
4000 182.209 0
4001 182.209 0
4002 182.209 0
4003 182.209 0
4004 182.209 0
4005 182.209 0
4006 182.208 0
4007 182.208 0
4008 182.208 0
4009 182.208 0
4010 182.208 0
4011 182.208 0
4012 182.208 0
4013 182.208 0
4014 182.208 0
4015 182.208 0
4016 182.208 0
4017 182.208 0
4018 182.208 0
4019 182.208 0
4020 182.208 0
4021 182.208 0
4022 182.208 0
4023 182.208 0
4024 182.208 0
4025 182.21 0
4026 182.21 0
4027 182.21 0
4028 182.21 0
4029 182.21 0
4030 182.21 0
4031 182.21 0
4032 182.21 0
4033 182.21 0
4034 190.402 0
4035 190.402 0
4036 190.402 0
4037 190.402 0
4038 190.402 0
4039 190.402 0
4040 190.402 0
4041 190.402 0
4042 190.402 0
4043 190.402 0
4044 190.402 0
4045 190.402 0
4046 190.402 0
4047 190.402 0
4048 190.402 0
4049 190.402 0
4050 190.403 0
4051 190.416 0
4052 190.416 0
4053 190.416 0
4054 190.416 0
4055 190.416 0
4056 190.416 0
4057 190.416 0
4058 190.416 0
4059 190.415 0
4060 105.186 0
4061 105.186 0
4062 105.186 0
4063 105.186 0
4064 105.186 0
4065 105.186 0
4066 105.186 0
4067 105.186 0
4068 105.187 0
4069 105.191 0
4070 105.191 0
4071 105.191 0
4072 105.191 0
4073 105.191 0
4074 105.191 0
4075 105.191 0
4076 105.191 0
4077 105.191 0
4078 105.191 0
4079 105.191 0
4080 105.191 0
4081 105.191 0
4082 105.191 0
4083 105.191 0
4084 105.191 0
4085 105.191 0
4086 105.191 0
4087 105.191 0
4088 105.191 0
4089 105.191 0
4090 105.191 0
4091 105.191 0
4092 105.191 0
4093 105.191 0
4094 105.19 0
4095 105.19 0
4096 105.19 0
4097 105.19 0
4098 105.19 0
4099 105.19 0
4100 105.19 0
4101 105.19 0
4102 105.19 0
4103 105.191 0
4104 105.191 0
4105 105.191 0
4106 105.191 0
4107 105.191 0
4108 105.191 0
4109 105.191 0
4110 105.191 0
4111 105.191 0
4112 105.19 0
4113 105.19 0
4114 105.19 0
4115 105.19 0
4116 105.19 0
4117 105.19 0
4118 105.19 0
4119 105.19 0
4120 105.19 0
4121 105.19 0
4122 105.19 0
4123 105.19 0
4124 105.19 0
4125 105.19 0
4126 105.19 0
4127 105.19 0
4128 105.19 0
4129 105.19 0
4130 105.19 0
4131 105.19 0
4132 105.19 0
4133 105.19 0
4134 105.19 0
4135 105.19 0
4136 105.19 0
4137 105.19 0
4138 105.189 0
4139 105.189 0
4140 105.189 0
4141 105.189 0
4142 105.189 0
4143 105.189 0
4144 105.189 0
4145 105.189 0
4146 105.189 0
4147 105.19 0
4148 105.191 0
4149 105.191 0
4150 105.191 0
4151 105.191 0
4152 105.191 0
4153 105.191 0
4154 105.191 0
4155 105.191 0
4156 105.185 0
4157 105.185 0
4158 105.185 0
4159 105.185 0
4160 105.185 0
4161 105.185 0
4162 105.185 0
4163 105.185 0
4164 105.185 0
4165 116.988 0
4166 116.988 0
4167 116.988 0
4168 116.988 0
4169 116.988 0
4170 116.988 0
4171 116.988 0
4172 116.988 0
4173 116.988 0
4174 116.989 0
4175 116.989 0
4176 116.989 0
4177 116.989 0
4178 116.989 0
4179 116.989 0
4180 116.989 0
4181 116.989 0
4182 116.989 0
4183 116.987 0
4184 116.987 0
4185 116.987 0
4186 116.987 0
4187 116.987 0
4188 116.987 0
4189 116.987 0
4190 116.987 0
4191 116.986 0
4192 136.423 0
4193 136.423 0
4194 136.423 0
4195 136.423 0
4196 136.423 0
4197 136.423 0
4198 136.423 0
4199 136.423 0
4200 136.424 0
4201 136.424 0
4202 136.424 0
4203 136.424 0
4204 136.424 0
4205 136.424 0
4206 136.424 0
4207 136.424 0
4208 136.424 0
4209 136.426 0
4210 136.426 0
4211 136.426 0
4212 136.426 0
4213 136.426 0
4214 136.426 0
4215 136.426 0
4216 136.426 0
4217 136.426 0
4218 158.515 0
4219 158.515 0
4220 158.515 0
4221 158.515 0
4222 158.515 0
4223 158.515 0
4224 158.515 0
4225 158.515 0
4226 158.515 0
4227 158.515 0
4228 158.515 0
4229 158.515 0
4230 158.515 0
4231 158.515 0
4232 158.515 0
4233 158.515 0
4234 158.515 0
4235 158.515 0
4236 158.515 0
4237 158.515 0
4238 158.515 0
4239 158.515 0
4240 158.515 0
4241 158.515 0
4242 158.515 0
4243 158.515 0
4244 158.516 0
4245 158.516 0
4246 158.516 0
4247 158.516 0
4248 158.516 0
4249 158.516 0
4250 158.516 0
4251 158.516 0
4252 158.516 0
4253 158.517 0
4254 158.517 0
4255 158.517 0
4256 158.517 0
4257 158.517 0
4258 158.517 0
4259 158.517 0
4260 158.517 0
4261 158.517 0
4262 158.517 0
4263 158.517 0
4264 158.516 0
4265 158.516 0
4266 158.516 0
4267 158.516 0
4268 158.516 0
4269 158.516 0
4270 158.516 0
4271 158.516 0
4272 158.516 0
4273 158.516 0
4274 158.516 0
4275 158.517 0
4276 158.517 0
4277 158.517 0
4278 158.517 0
4279 158.517 0
4280 158.517 0
4281 158.517 0
4282 158.517 0
4283 158.517 0
4284 158.517 0
4285 158.517 0
4286 158.517 0
4287 158.517 0
4288 158.517 0
4289 158.517 0
4290 158.517 0
4291 158.517 0
4292 158.517 0
4293 158.517 0
4294 158.517 0
4295 158.517 0
4296 158.517 0
4297 158.517 0
4298 158.517 0
4299 158.517 0
4300 158.517 0
4301 158.517 0
4302 158.517 0
4303 158.517 0
4304 158.517 0
4305 158.517 0
4306 158.517 0
4307 158.517 0
4308 158.517 0
4309 158.517 0
4310 158.517 0
4311 158.517 0
4312 158.517 0
4313 158.517 0
4314 158.517 0
4315 158.517 0
4316 158.517 0
4317 158.517 0
4318 158.517 0
4319 158.517 0
4320 158.517 0
4321 158.517 0
4322 158.517 0
4323 158.517 0
4324 158.517 0
4325 158.517 0
4326 158.517 0
4327 158.517 0
4328 158.517 0
4329 158.517 0
4330 158.517 0
4331 158.517 0
4332 158.517 0
4333 158.517 0
4334 158.517 0
4335 158.517 0
4336 158.517 0
4337 158.517 0
4338 158.517 0
4339 158.517 0
4340 158.517 0
4341 158.517 0
4342 158.517 0
4343 158.517 0
4344 158.517 0
4345 158.517 0
4346 158.517 0
4347 158.517 0
4348 158.517 0
4349 158.517 0
4350 158.517 0
4351 158.517 0
4352 158.517 0
4353 158.517 0
4354 158.517 0
4355 158.517 0
4356 158.517 0
4357 158.517 0
4358 158.517 0
4359 158.517 0
4360 158.517 0
4361 158.517 0
4362 158.517 0
4363 158.517 0
4364 158.517 0
4365 158.517 0
4366 158.517 0
4367 158.517 0
4368 158.517 0
4369 158.517 0
4370 158.517 0
4371 158.517 0
4372 158.517 0
4373 158.517 0
4374 158.517 0
4375 158.516 0
4376 158.516 0
4377 158.516 0
4378 158.516 0
4379 158.516 0
4380 158.516 0
4381 158.516 0
4382 158.516 0
4383 158.516 0
4384 158.517 0
4385 158.517 0
4386 158.517 0
4387 158.517 0
4388 158.517 0
4389 158.517 0
4390 158.517 0
4391 158.517 0
4392 158.517 0
4393 158.516 0
4394 158.516 0
4395 158.516 0
4396 158.516 0
4397 158.516 0
4398 158.516 0
4399 158.516 0
4400 158.516 0
4401 158.516 0
4402 158.516 0
4403 158.517 0
4404 158.517 0
4405 158.517 0
4406 158.517 0
4407 158.517 0
4408 158.517 0
4409 158.517 0
4410 158.517 0
4411 158.517 0
4412 158.517 0
4413 158.517 0
4414 158.517 0
4415 158.517 0
4416 158.517 0
4417 158.517 0
4418 158.517 0
4419 158.517 0
4420 158.517 0
4421 158.516 0
4422 158.516 0
4423 158.516 0
4424 158.516 0
4425 158.516 0
4426 158.516 0
4427 158.516 0
4428 158.516 0
4429 158.516 0
4430 158.517 0
4431 158.517 0
4432 158.517 0
4433 158.517 0
4434 158.517 0
4435 158.517 0
4436 158.517 0
4437 158.517 0
4438 158.517 0
4439 158.517 0
4440 158.517 0
4441 158.517 0
4442 158.517 0
4443 158.517 0
4444 158.517 0
4445 158.517 0
4446 158.517 0
4447 158.517 0
4448 158.517 0
4449 158.517 0
4450 158.517 0
4451 158.517 0
4452 158.517 0
4453 158.517 0
4454 158.517 0
4455 158.517 0
4456 158.517 0
4457 158.516 0
4458 158.514 0
4459 158.514 0
4460 158.514 0
4461 158.514 0
4462 158.514 0
4463 158.514 0
4464 158.514 0
4465 158.514 0
4466 158.515 0
4467 158.515 0
4468 158.515 0
4469 158.515 0
4470 158.515 0
4471 158.515 0
4472 158.515 0
4473 158.515 0
4474 158.514 0
4475 158.514 0
4476 158.514 0
4477 158.514 0
4478 158.514 0
4479 158.514 0
4480 158.514 0
4481 158.514 0
4482 158.514 0
4483 158.514 0
4484 158.514 0
4485 158.43 0
4486 158.43 0
4487 158.43 0
4488 158.43 0
4489 158.43 0
4490 158.43 0
4491 158.43 0
4492 158.43 0
4493 158.43 0
4494 158.43 0
4495 158.43 0
4496 158.43 0
4497 158.43 0
4498 158.43 0
4499 158.43 0
4500 158.43 0
4501 158.43 0
4502 158.43 0
4503 158.43 0
4504 158.43 0
4505 158.43 0
4506 158.43 0
4507 158.43 0
4508 158.43 0
4509 158.43 0
4510 158.43 0
4511 158.43 0
4512 158.43 0
4513 158.43 0
4514 158.43 0
4515 158.43 0
4516 158.43 0
4517 158.43 0
4518 158.43 0
4519 158.43 0
4520 158.43 0
4521 158.43 0
4522 -183.293 0
4523 -203.807 0
4524 -203.107 0
4525 -204.996 0
4526 -203.33 0
4527 -201.951 0
4528 -209.129 0
4529 -202.9 0
4530 -209.654 0
4531 -208.777 0
4532 -208.876 0
4533 -204.597 0
4534 -207.569 0
4535 -205.386 0
4536 -209.166 0
4537 -209.369 0
4538 -205.9 0
4539 -205.826 0
4540 -209.414 0
4541 -210.145 0
4542 -205.217 0
4543 -208.583 0
4544 -210.486 0
4545 -204.933 0
4546 -209.785 0
4547 -211.144 0
4548 -210.808 0
4549 -210.347 0
4550 -210.213 0
4551 -210.906 0
4552 -210.55 0
4553 -210.707 0
4554 -210.717 0
4555 -210.647 0
4556 -210.826 0
4557 -210.532 0
4558 -209.954 0
4559 -209.385 0
4560 -210.551 0
4561 -209.516 0
4562 -208.608 0
4563 -210.765 0
4564 -210.193 0
4565 -210.101 0
4566 -210.498 0
4567 -211.229 0
4568 -212.048 0
4569 -212.794 0
4570 -213.287 0
4571 -213.022 0
4572 -213.841 0
4573 -213.326 0
4574 -213.948 0
4575 -213.443 0
4576 -212.485 0
4577 -211.648 0
4578 -213.124 0
4579 -211.98 0
4580 -210.319 0
4581 -208.773 0
4582 -211.083 0
4583 -209.399 0
4584 -206.634 0
4585 -204.373 0
4586 -202.982 0
4587 -201.933 0
4588 -201.172 0
4589 -200.199 0
4590 -198.787 0
4591 -197.101 0
4592 -194.803 0
4593 -191.952 0
4594 -188.604 0
4595 -190.383 0
4596 -186.274 0
4597 -177.299 0
4598 -169.141 0
4599 -176.543 0
4600 -162.73 0
4601 -159.816 0
4602 -145.007 0
4603 -161.468 0
4604 -158.236 0
4605 -143.753 0
4606 -118.276 0
4607 -123.41 0
4608 -84.9521 0
4609 -52.7068 0
4610 -68.845 0
4611 -31.5004 0
4612 -31.4799 0
4613 -31.4398 0
4614 9.94917 0
4615 1.9285 0
4616 -100.207 0
4617 -106.109 0
4618 -114.213 0
4619 -108.803 0
4620 -103.135 0
4621 -99.685 0
4622 -108.093 0
4623 -98.9271 0
4624 -99.2576 0
4625 -91.1944 0
4626 -95.1931 0
4627 -87.0838 0
4628 -90.8836 0
4629 -85.8718 0
4630 -83.5327 0
4631 -83.0104 0
4632 -88.5283 0
4633 -86.1806 0
4634 -87.1371 0
4635 -88.518 0
4636 -89.816 0
4637 -89.1543 0
4638 -91.067 0
4639 -92.5425 0
4640 -91.7458 0
4641 -91.6148 0
4642 -92.8362 0
4643 -93.6682 0
4644 -91.146 0
4645 -94.0438 0
4646 -93.7488 0
4647 -93.2546 0
4648 -92.747 0
4649 -92.4205 0
4650 -92.0652 0
4651 -92.5174 0
4652 -92.3896 0
4653 -91.794 0
4654 -91.5666 0
4655 -91.9022 0
4656 -91.8006 0
4657 -91.5326 0
4658 -91.8785 0
4659 -92.0011 0
4660 -92.221 0
4661 -92.5569 0
4662 -92.8512 0
4663 -93.1236 0
4664 -92.5975 0
4665 -92.6408 0
4666 -92.6185 0
4667 -92.506 0
4668 -92.3568 0
4669 -92.2291 0
4670 -92.1317 0
4671 -92.06 0
4672 -92.2028 0
4673 -92.0672 0
4674 -92.0232 0
4675 -91.9932 0
4676 -92.0596 0
4677 -91.9961 0
4678 -92.0069 0
4679 -91.9981 0
4680 -92.0046 0
4681 -91.9929 0
4682 -92.0087 0
4683 -91.9965 0
4684 -92.0033 0
4685 -91.984 0
4686 -92.0417 0
4687 -92.0161 0
4688 -92.0232 0
4689 -92.0195 0
4690 -92.0288 0
4691 -92.0475 0
4692 -92.2244 0
4693 -92.4728 0
4694 -92.2406 0
4695 -92.0075 0
4696 -91.31 0
4697 -90.3385 0
4698 -91.6544 0
4699 -89.1502 0
4700 -87.575 0
4701 -90.8489 0
4702 -85.7054 0
4703 -79.1507 0
4704 -79.5981 0
4705 -80.8843 0
4706 -79.1118 0
4707 -67.5189 0
4708 -56.9435 0
4709 -49.6042 0
4710 -46.1109 0
4711 -56.008 0
4712 -51.6496 0
4713 -46.9813 0
4714 -44.8319 0
4715 -43.863 0
4716 -47.3363 0
4717 -43.5488 0
4718 -40.8523 0
4719 -38.4249 0
4720 -36.2222 0
4721 -34.4572 0
4722 -36.3627 0
4723 -33.571 0
4724 -29.9591 0
4725 -26.8517 0
4726 -24.3948 0
4727 -22.3908 0
4728 -20.9048 0
4729 -22.8517 0
