1 2.10865 0 0.409902
2 -2.99914 0.6 0
3 -1.22167 0.112321 0
4 -1.9414 0.329761 0
5 -2.06981 0.323956 0
6 -1.95099 0.296168 0
7 -1.9825 0.312702 0
8 -1.97114 0.312093 0
9 -1.95383 0.31289 0
10 -1.94237 0.315083 0
11 -1.92836 0.316433 0
12 -1.91726 0.318614 0
13 -1.90328 0.319804 0
14 -1.88913 0.320897 0
15 -1.8744 0.322208 0
16 -1.85952 0.323564 0
17 -1.84458 0.324678 0
18 -1.83274 0.326836 0
19 -1.81422 0.327028 0
20 -1.80099 0.328528 0
21 -1.7881 0.329091 0
22 -1.77602 0.330744 0
23 -1.76278 0.331681 0
24 -1.74866 0.332453 0
25 -1.73756 0.333881 0
26 -1.72259 0.334722 0
27 -1.70947 0.335498 0
28 -1.69182 0.335446 0
29 -1.67382 0.336191 0
30 -1.66173 0.337373 0
31 -1.64735 0.337941 0
32 -1.63529 0.338491 0
33 -1.62346 0.339465 0
34 -1.44497 0.305574 0
35 -1.50816 0.331691 0
36 -1.47101 0.322915 0
37 -0.622497 0.14676 0
38 -0.233332 0.120176 0
39 -0.574588 0.211516 0
40 -0.634361 0.206367 0
41 -0.616691 0.201073 0
42 -0.644561 0.208839 0
43 -0.622759 0.206059 0
44 -0.611229 0.206181 0
45 -0.631213 0.211877 0
46 -0.604523 0.206425 0
47 -0.605193 0.208918 0
48 0.39674 0 0.0483595
49 0.000653035 0.159763 0
50 -2.19211 0.6 0
51 -2.95593 0.6 0
52 3.48506 0 0.520644
53 -2.99674 0.6 0
54 -1.11258 0.213383 0
55 -1.67232 0.389788 0
56 -1.38385 0.316361 0
57 -1.54099 0.359342 0
58 -1.49252 0.346278 0
59 -1.48271 0.349712 0
60 -1.47671 0.352131 0
61 -1.46342 0.353007 0
62 -1.44251 0.35297 0
63 -1.42147 0.35309 0
64 -1.40797 0.354178 0
65 -1.39445 0.354931 0
66 -1.382 0.356065 0
67 -1.37101 0.35746 0
68 -1.3566 0.35783 0
69 -1.34535 0.358912 0
70 -1.33101 0.359328 0
71 -1.31926 0.360029 0
72 -1.30728 0.360992 0
73 -1.29431 0.361501 0
74 -1.28291 0.362166 0
75 -1.27161 0.363095 0
76 -1.26038 0.363755 0
77 -1.24911 0.365093 0
78 -1.23463 0.365062 0
79 -1.22376 0.366212 0
80 -1.21189 0.366477 0
81 -1.20194 0.367155 0
82 -1.19217 0.367935 0
83 -1.18151 0.368401 0
84 -1.17104 0.36924 0
85 -1.16059 0.369732 0
86 -1.15069 0.370394 0
87 -1.1407 0.3709 0
88 -1.13126 0.371431 0
89 -1.1215 0.372146 0
90 -1.11197 0.372622 0
91 -1.10287 0.373257 0
92 -1.09279 0.373782 0
93 -1.08394 0.374433 0
94 -1.07459 0.374871 0
95 -1.06519 0.375597 0
96 -1.05587 0.376143 0
97 -1.04653 0.37668 0
98 -1.03741 0.377134 0
99 -1.02888 0.377725 0
100 -1.01941 0.378346 0
101 -1.01042 0.378737 0
102 -1.00217 0.379373 0
103 -0.993406 0.379885 0
104 -0.984003 0.380882 0
105 -0.973168 0.381279 0
106 -0.963356 0.382111 0
107 -0.952452 0.382297 0
108 -0.940658 0.382314 0
109 -0.927108 0.382019 0
110 -0.916573 0.38246 0
111 -0.903491 0.381673 0
112 -0.894834 0.382292 0
113 -0.882267 0.382392 0
114 -0.868768 0.381956 0
115 -0.858 0.382089 0
116 -0.84712 0.38188 0
117 -0.836457 0.382166 0
118 -0.82495 0.381701 0
119 -0.816075 0.381847 0
120 -0.807043 0.381838 0
121 -0.797664 0.381817 0
122 -0.787514 0.381892 0
123 -0.777635 0.381709 0
124 -0.768821 0.38181 0
125 -0.759607 0.381675 0
126 -0.751654 0.381882 0
127 -0.74332 0.381714 0
128 -0.734425 0.381708 0
129 -0.732038 0.382772 0
130 -0.726408 0.382843 0
131 -0.717418 0.382402 0
132 -0.707615 0.382007 0
133 -0.694703 0.380861 0
134 -0.702269 0.384468 0
135 -0.674853 0.378587 0
136 -0.677189 0.382225 0
137 -0.671394 0.381856 0
138 -0.661998 0.381197 0
139 -0.656945 0.381713 0
140 -0.651872 0.381814 0
141 -0.642542 0.380934 0
142 -0.63879 0.38181 0
143 -0.632652 0.381681 0
144 -0.625733 0.381711 0
145 -0.618518 0.38134 0
146 -0.621465 0.383439 0
147 -0.778483 0.418976 0
148 -0.652289 0.38079 0
149 -0.583115 0.376053 0
150 -0.607358 0.386563 0
151 -0.541783 0.372445 0
152 -0.632811 0.396313 0
153 -0.586739 0.381376 0
154 -0.545493 0.376546 0
155 -0.57075 0.385695 0
156 -0.550409 0.379943 0
157 -0.546836 0.381542 0
158 -0.542668 0.38162 0
159 -0.535515 0.381151 0
160 -0.529693 0.381107 0
161 -0.525131 0.381398 0
162 -0.520542 0.381515 0
163 -0.512584 0.380941 0
164 -0.508831 0.381488 0
165 -0.501468 0.381096 0
166 -0.497572 0.381603 0
167 -0.502051 0.383625 0
168 -0.496797 0.383212 0
169 -0.459131 0.376794 0
170 0.471773 0.187961 0
171 0.467999 0.238117 0
172 -0.13125 0.361245 0
173 0.114236 0.278792 0
174 -0.0336102 0.32063 0
175 0.045431 0.298473 0
176 -0.0468038 0.31796 0
177 0.0269669 0.301153 0
178 -0.0152484 0.312322 0
179 -0.00231013 0.307704 0
180 0.000831032 0.307848 0
181 0.999392 0.0457591 0
182 0.779115 0.213749 0
183 0.578515 0.245705 0
184 0.578515 0.219333 0
185 0.578515 0.219305 0
186 0.578515 0.219276 0
187 0.578515 0.219247 0
188 0.578515 0.219218 0
189 0.578515 0.219189 0
190 0.578515 0.21916 0
191 0.578515 0.219131 0
192 0.578515 0.219102 0
193 0.552827 0.274304 0
194 0.552827 0.222826 0
195 0.552827 0.222798 0
196 0.552827 0.22277 0
197 0.552827 0.222743 0
198 0.552827 0.222715 0
199 0.552827 0.222687 0
200 0.552827 0.22266 0
201 0.552827 0.222632 0
202 0.552827 0.222604 0
203 0.552827 0.222577 0
204 0.552827 0.222549 0
205 0.524138 0.242351 0
206 0.524138 0.22673 0
207 0.524138 0.226704 0
208 0.524138 0.226678 0
209 0.524138 0.226651 0
210 0.524138 0.226625 0
211 0.524138 0.226599 0
212 0.524138 0.226573 0
213 0.524138 0.226546 0
214 0.524138 0.22652 0
215 0.524138 0.226494 0
216 0.505136 0.240119 0
217 0.505136 0.229231 0
218 0.505136 0.229206 0
219 0.505136 0.22918 0
220 0.505136 0.229155 0
221 0.505136 0.22913 0
222 0.505136 0.229104 0
223 0.505136 0.229079 0
224 0.505136 0.229054 0
225 0.505136 0.229029 0
226 0.486021 0.243906 0
227 0.486021 0.231795 0
228 0.486021 0.23177 0
229 0.486021 0.231746 0
230 0.486021 0.231722 0
231 0.486021 0.231698 0
232 0.486021 0.231673 0
233 0.486021 0.231649 0
234 0.486021 0.231625 0
235 0.486021 0.2316 0
236 0.486021 0.231576 0
237 0.462859 0.247466 0
238 0.462859 0.234941 0
239 0.462859 0.234918 0
240 0.462859 0.234895 0
241 0.462859 0.234872 0
242 0.462859 0.234849 0
243 0.462859 0.234826 0
244 0.462859 0.234803 0
245 0.462859 0.234779 0
246 0.462859 0.234756 0
247 0.462859 0.234733 0
248 0.462859 0.23471 0
249 0.442451 0.248614 0
250 0.442451 0.237666 0
251 0.442451 0.237644 0
252 0.442451 0.237622 0
253 0.442451 0.2376 0
254 0.442451 0.237578 0
255 0.442451 0.237556 0
256 0.442451 0.237534 0
257 0.442451 0.237512 0
258 0.442451 0.23749 0
259 0.442451 0.237467 0
260 0.460989 0.224536 0
261 0.460989 0.234579 0
262 0.460989 0.234556 0
263 0.460989 0.234533 0
264 0.460989 0.234509 0
265 0.460989 0.234486 0
266 0.460989 0.234463 0
267 0.460989 0.23444 0
268 0.460989 0.234417 0
269 0.460989 0.234394 0
270 0.460989 0.234371 0
271 0.460989 0.234348 0
272 0.45466 0.238576 0
273 0.45466 0.235189 0
274 0.45466 0.235167 0
275 0.45466 0.235144 0
276 0.45466 0.235121 0
277 0.45466 0.235098 0
278 0.45466 0.235076 0
279 0.45466 0.235053 0
280 0.45466 0.23503 0
281 0.45466 0.235007 0
282 0.45466 0.234985 0
283 0.45466 0.234962 0
284 0.471704 0.223337 0
285 0.471704 0.232292 0
286 0.471704 0.232269 0
287 0.471704 0.232245 0
288 0.471704 0.232221 0
289 0.471704 0.232198 0
290 0.471704 0.232174 0
291 0.471704 0.232151 0
292 0.471704 0.232127 0
293 0.471704 0.232103 0
294 0.525802 0.189708 0
295 0.525802 0.223879 0
296 0.525802 0.223853 0
297 0.525802 0.223827 0
298 0.525802 0.2238 0
299 0.525802 0.223774 0
300 0.525802 0.223748 0
301 0.525802 0.223722 0
302 0.525802 0.223695 0
303 0.525802 0.223669 0
304 0.525802 0.223643 0
305 0.498199 0.243761 0
306 0.498199 0.227673 0
307 0.498199 0.227648 0
308 0.498199 0.227623 0
309 0.498199 0.227598 0
310 0.498199 0.227573 0
311 0.498199 0.227548 0
312 0.498199 0.227523 0
313 0.498199 0.227498 0
314 0.498199 0.227473 0
315 0.498199 0.227448 0
316 0.498199 0.227423 0
317 0.481119 0.238884 0
318 0.481119 0.22987 0
319 0.481119 0.229846 0
320 0.481119 0.229822 0
321 0.481119 0.229798 0
322 0.481119 0.229774 0
323 0.481119 0.22975 0
324 0.481119 0.229726 0
325 0.481119 0.229702 0
326 0.481119 0.229678 0
327 0.481119 0.229654 0
328 0.466843 0.239533 0
329 0.466843 0.231686 0
330 0.466843 0.231663 0
331 0.466843 0.23164 0
332 0.466843 0.231616 0
333 0.466843 0.231593 0
334 0.466843 0.23157 0
335 0.466843 0.231546 0
336 0.466843 0.231523 0
337 0.466843 0.2315 0
338 0.466843 0.231476 0
339 0.466843 0.231453 0
340 0.450207 0.242585 0
341 0.450207 0.23384 0
342 0.450207 0.233818 0
343 0.450207 0.233795 0
344 0.450207 0.233772 0
345 0.450207 0.23375 0
346 0.450207 0.233727 0
347 0.450207 0.233705 0
348 0.450207 0.233682 0
349 0.450207 0.23366 0
350 0.450207 0.233637 0
351 0.429815 0.248448 0
352 0.429815 0.236601 0
353 0.429815 0.236579 0
354 0.429815 0.236558 0
355 0.429815 0.236536 0
356 0.429815 0.236515 0
357 0.429815 0.236493 0
358 0.429815 0.236472 0
359 0.429815 0.23645 0
360 0.429815 0.236429 0
361 0.429815 0.236407 0
362 0.409619 0.250696 0
363 0.409619 0.239343 0
364 0.409619 0.239323 0
365 0.409619 0.239302 0
366 0.409619 0.239282 0
367 0.409619 0.239261 0
368 0.409619 0.239241 0
369 0.409619 0.23922 0
370 0.409619 0.2392 0
371 0.409619 0.239179 0
372 0.409619 0.239159 0
373 0.413836 0.235991 0
374 0.413836 0.238435 0
375 0.413836 0.238414 0
376 0.413836 0.238393 0
377 0.413836 0.238373 0
378 0.413836 0.238352 0
379 0.413836 0.238331 0
380 0.413836 0.238311 0
381 0.413836 0.23829 0
382 0.413836 0.238269 0
383 0.413836 0.238248 0
384 0.40506 0.244451 0
385 0.40506 0.239473 0
386 0.40506 0.239453 0
387 0.40506 0.239432 0
388 0.40506 0.239412 0
389 0.40506 0.239392 0
390 0.40506 0.239372 0
391 0.40506 0.239351 0
392 0.40506 0.239331 0
393 0.40506 0.239311 0
394 0.40506 0.239291 0
395 0.405729 0.238748 0
396 -2.59427 0.6 0
397 1.99045 0 0.109314
398 -2.99858 0.6 0
399 -1.21289 0.413722 0
400 -0.787624 0.403238 0
401 -0.548167 0.374688 0
402 -0.613363 0.401096 0
403 -0.587901 0.394061 0
404 -0.982935 0.475996 0
405 -0.4043 0.33624 0
406 -0.492687 0.389474 0
407 -0.54154 0.395708 0
408 -0.440348 0.373081 0
409 -0.538856 0.399345 0
410 -0.810526 0.451676 0
411 -0.301769 0.33448 0
412 -0.527917 0.410889 0
413 -0.487828 0.38786 0
414 -0.465948 0.386894 0
415 -0.560385 0.409102 0
416 -0.696959 0.433483 0
417 -0.471176 0.376913 0
418 -0.472262 0.392613 0
419 -0.472204 0.393324 0
420 -0.449978 0.389457 0
421 0.455843 0.199023 0
422 0.472818 0.249792 0
423 0.0275442 0.34216 0
424 0.0536477 0.311782 0
425 0.093911 0.305017 0
426 0.0710333 0.311497 0
427 0.0756138 0.309507 0
428 0.0756863 0.309477 0
429 0.0631635 0.311982 0
430 -0.0815784 0.343045 0
431 0.00489976 0.312651 0
432 1.10202 0.00119299 0
433 0.831833 0.232841 0
434 0.65325 0.252479 0
435 0.65325 0.22107 0
436 0.65325 0.221037 0
437 0.65325 0.221005 0
438 0.65325 0.220972 0
439 0.65325 0.220939 0
440 0.65325 0.220907 0
441 0.65325 0.220874 0
442 0.627261 0.243292 0
443 0.627261 0.224653 0
444 0.627261 0.224622 0
445 0.627261 0.224591 0
446 0.627261 0.224559 0
447 0.627261 0.224528 0
448 0.627261 0.224497 0
449 0.627261 0.224465 0
450 0.627261 0.224434 0
451 0.60208 0.245677 0
452 0.60208 0.228095 0
453 0.60208 0.228064 0
454 0.60208 0.228034 0
455 0.60208 0.228004 0
456 0.60208 0.227974 0
457 0.60208 0.227944 0
458 0.60208 0.227914 0
459 0.60208 0.227884 0
460 0.576852 0.249316 0
461 0.576852 0.231557 0
462 0.576852 0.231528 0
463 0.576852 0.231499 0
464 0.576852 0.23147 0
465 0.576852 0.231442 0
466 0.576852 0.231413 0
467 0.576852 0.231384 0
468 0.576852 0.231355 0
469 0.557894 0.24796 0
470 0.557894 0.234094 0
471 0.557894 0.234067 0
472 0.557894 0.234039 0
473 0.557894 0.234011 0
474 0.557894 0.233983 0
475 0.557894 0.233955 0
476 0.557894 0.233927 0
477 0.546915 0.243307 0
478 0.546915 0.23547 0
479 0.546915 0.235442 0
480 0.546915 0.235415 0
481 0.546915 0.235388 0
482 0.546915 0.23536 0
483 0.546915 0.235333 0
484 0.546915 0.235306 0
485 0.546915 0.235278 0
486 0.538616 0.242382 0
487 0.538616 0.236421 0
488 0.538616 0.236394 0
489 0.538616 0.236367 0
490 0.538616 0.23634 0
491 0.538616 0.236313 0
492 0.538616 0.236286 0
493 0.538616 0.236259 0
494 0.538616 0.236232 0
495 0.537329 0.237276 0
496 0.537329 0.236324 0
497 0.537329 0.236297 0
498 0.537329 0.23627 0
499 0.537329 0.236243 0
500 0.537329 0.236216 0
501 0.537329 0.236189 0
502 0.537329 0.236163 0
503 0.537329 0.236136 0
504 0.528337 0.243788 0
505 0.528337 0.237384 0
506 0.528337 0.237357 0
507 0.528337 0.237331 0
508 0.528337 0.237305 0
509 0.528337 0.237278 0
510 0.528337 0.237252 0
511 0.528337 0.237225 0
512 0.531743 0.234163 0
513 0.531743 0.236615 0
514 0.531743 0.236588 0
515 0.531743 0.236561 0
516 0.531743 0.236535 0
517 0.531743 0.236508 0
518 0.531743 0.236482 0
519 0.531743 0.236455 0
520 0.531743 0.236429 0
521 0.52192 0.245003 0
522 0.52192 0.237804 0
523 0.52192 0.237778 0
524 0.52192 0.237752 0
525 0.52192 0.237726 0
526 0.52192 0.2377 0
527 0.52192 0.237674 0
528 0.52192 0.237648 0
529 0.52192 0.237622 0
530 0.527013 0.233183 0
531 0.527013 0.236757 0
532 0.527013 0.23673 0
533 0.527013 0.236704 0
534 0.527013 0.236678 0
535 0.527013 0.236651 0
536 0.527013 0.236625 0
537 0.527013 0.236599 0
538 0.520951 0.241854 0
539 0.520951 0.237411 0
540 0.520951 0.237384 0
541 0.520951 0.237358 0
542 0.520951 0.237332 0
543 0.520951 0.237306 0
544 0.520951 0.23728 0
545 0.520951 0.237254 0
546 0.520951 0.237228 0
547 0.523395 0.235064 0
548 0.523395 0.236761 0
549 0.523395 0.236735 0
550 0.523395 0.236709 0
551 0.523395 0.236683 0
552 0.523395 0.236656 0
553 0.523395 0.23663 0
554 0.523395 0.236604 0
555 0.523395 0.236578 0
556 0.514314 0.244439 0
557 0.514314 0.237843 0
558 0.514314 0.237818 0
559 0.514314 0.237792 0
560 0.514314 0.237766 0
561 0.514314 0.23774 0
562 0.514314 0.237715 0
563 0.514314 0.237689 0
564 0.521796 0.23106 0
565 0.521796 0.236469 0
566 0.521796 0.236443 0
567 0.521796 0.236417 0
568 0.521796 0.236391 0
569 0.521796 0.236364 0
570 0.521796 0.236338 0
571 0.521796 0.236312 0
572 0.521796 0.236286 0
573 0.51618 0.240914 0
574 0.51618 0.237028 0
575 0.51618 0.237002 0
576 0.51618 0.236976 0
577 0.51618 0.23695 0
578 0.51618 0.236924 0
579 0.51618 0.236899 0
580 0.51618 0.236873 0
581 0.51618 0.236847 0
582 0.517577 0.235584 0
583 0.517577 0.236538 0
584 0.517577 0.236512 0
585 0.517577 0.236486 0
586 0.517577 0.23646 0
587 0.517577 0.236434 0
588 0.517577 0.236408 0
589 0.517577 0.236383 0
590 0.517577 0.236357 0
591 0.509228 0.243503 0
592 0.509228 0.237512 0
593 0.509228 0.237487 0
594 0.509228 0.237461 0
595 0.509228 0.237436 0
596 0.509228 0.23741 0
597 0.509228 0.237385 0
598 0.509228 0.23736 0
599 0.509228 0.237334 0
600 0.519763 0.2281 0
601 0.519763 0.235656 0
602 0.519763 0.23563 0
603 0.519763 0.235604 0
604 0.519763 0.235578 0
605 0.519763 0.235552 0
606 0.519763 0.235526 0
607 0.519763 0.2355 0
608 0.519763 0.235474 0
609 0.527047 0.229392 0
610 0.527047 0.234276 0
611 0.527047 0.23425 0
612 0.527047 0.234224 0
613 0.527047 0.234197 0
614 0.527047 0.234171 0
615 0.527047 0.234145 0
616 0.527047 0.234118 0
617 0.527047 0.234092 0
618 0.536375 0.226106 0
619 0.536375 0.232589 0
620 0.536375 0.232562 0
621 0.536375 0.232536 0
622 0.536375 0.232509 0
623 0.536375 0.232482 0
624 0.536375 0.232455 0
625 0.536375 0.232428 0
626 0.509802 0.255591 0
627 0.509802 0.236318 0
628 0.509802 0.236293 0
629 0.509802 0.236267 0
630 0.509802 0.236242 0
631 0.509802 0.236216 0
632 0.509802 0.236191 0
633 0.509802 0.236165 0
634 0.509802 0.23614 0
635 0.492294 0.251335 0
636 0.492294 0.238673 0
637 0.492294 0.238649 0
638 0.492294 0.238624 0
639 0.492294 0.2386 0
640 0.492294 0.238575 0
641 0.492294 0.23855 0
642 0.492294 0.238526 0
643 0.492294 0.238501 0
644 0.484987 0.244961 0
645 0.484987 0.239508 0
646 0.484987 0.239483 0
647 0.484987 0.239459 0
648 0.484987 0.239435 0
649 0.484987 0.239411 0
650 0.484987 0.239386 0
651 0.484987 0.239362 0
652 0.484987 0.239338 0
653 0.541166 0.193569 0
654 0.541166 0.230802 0
655 0.541166 0.230775 0
656 0.541166 0.230748 0
657 0.541166 0.230721 0
658 0.541166 0.230694 0
659 0.541166 0.230667 0
660 0.541166 0.23064 0
661 0.541166 0.230613 0
662 0.539455 0.232023 0
663 0.539455 0.230767 0
664 0.539455 0.23074 0
665 0.539455 0.230713 0
666 0.539455 0.230687 0
667 0.539455 0.23066 0
668 0.539455 0.230633 0
669 0.539455 0.230606 0
670 0.539455 0.230579 0
671 0.516955 0.249934 0
672 0.516955 0.233855 0
673 0.516955 0.233829 0
674 0.516955 0.233804 0
675 0.516955 0.233778 0
676 0.516955 0.233752 0
677 0.516955 0.233726 0
678 0.516955 0.2337 0
679 0.479742 0.266026 0
680 0.479742 0.239192 0
681 0.479742 0.239168 0
682 0.479742 0.239144 0
683 0.479742 0.23912 0
684 0.479742 0.239096 0
685 0.479742 0.239072 0
686 0.479742 0.239048 0
687 0.479742 0.239024 0
688 0.445447 0.268279 0
689 0.445447 0.244082 0
690 0.445447 0.24406 0
691 0.445447 0.244038 0
692 0.445447 0.244016 0
693 0.445447 0.243993 0
694 0.445447 0.243971 0
695 0.445447 0.243949 0
696 0.445447 0.243927 0
697 0.497545 0.200989 0
698 0.497545 0.236013 0
699 0.497545 0.235988 0
700 0.497545 0.235963 0
701 0.497545 0.235938 0
702 0.497545 0.235913 0
703 0.497545 0.235889 0
704 0.497545 0.235864 0
705 0.497545 0.235839 0
706 0.514159 0.22137 0
707 0.514159 0.233249 0
708 0.514159 0.233224 0
709 0.514159 0.233198 0
710 0.514159 0.233172 0
711 0.514159 0.233147 0
712 0.514159 0.233121 0
713 0.514159 0.233095 0
714 0.514159 0.233069 0
715 0.528103 0.22086 0
716 0.528103 0.230878 0
717 0.528103 0.230852 0
718 0.528103 0.230825 0
719 0.528103 0.230799 0
720 0.528103 0.230772 0
721 0.528103 0.230746 0
722 0.528103 0.23072 0
723 0.528103 0.230693 0
724 0.486897 0.266027 0
725 0.486897 0.236781 0
726 0.486897 0.236757 0
727 0.486897 0.236732 0
728 0.486897 0.236708 0
729 0.486897 0.236684 0
730 0.486897 0.236659 0
731 0.486897 0.236635 0
732 0.470379 0.250921 0
733 0.470379 0.239024 0
734 0.470379 0.239 0
735 0.470379 0.238977 0
736 0.470379 0.238953 0
737 0.470379 0.23893 0
738 0.470379 0.238906 0
739 0.470379 0.238883 0
740 0.470379 0.238859 0
741 0.483736 0.227162 0
742 0.483736 0.236764 0
743 0.483736 0.23674 0
744 0.483736 0.236716 0
745 0.483736 0.236692 0
746 0.483736 0.236668 0
747 0.483736 0.236643 0
748 0.483736 0.236619 0
749 0.483736 0.236595 0
750 0.452284 0.263578 0
751 0.452284 0.241226 0
752 0.452284 0.241204 0
753 0.452284 0.241181 0
754 0.452284 0.241159 0
755 0.452284 0.241136 0
756 0.452284 0.241113 0
757 0.452284 0.241091 0
758 0.463377 0.217217 0
759 0.463377 0.239339 0
760 0.463377 0.239316 0
761 0.463377 0.239293 0
762 0.463377 0.239269 0
763 0.463377 0.239246 0
764 0.463377 0.239223 0
765 0.463377 0.2392 0
766 0.463377 0.239177 0
767 0.50713 0.200506 0
768 -2.49287 0.6 0
769 1.28733 0.00153139 0
770 -1.58224 0.6 0
771 -0.310392 0.290957 0
772 -0.626555 0.423414 0
773 -0.696434 0.418497 0
774 -0.609267 0.398032 0
775 -0.639222 0.410761 0
776 -0.630025 0.407715 0
777 -0.65031 0.413683 0
778 -0.412274 0.363677 0
779 -0.447888 0.385707 0
780 -0.450551 0.384717 0
781 -0.416879 0.377825 0
782 -0.427132 0.382968 0
783 -0.493336 0.396905 0
784 -0.438162 0.381862 0
785 -0.394432 0.376656 0
786 -0.416295 0.384871 0
787 -0.399687 0.380534 0
788 -0.46917 0.397199 0
789 -0.356284 0.369216 0
790 -0.440607 0.395036 0
791 -0.36644 0.37475 0
792 -0.377784 0.382206 0
793 -0.384363 0.383451 0
794 -0.475693 0.403255 0
795 -0.360934 0.373577 0
796 -0.35945 0.381132 0
797 -0.37558 0.385276 0
798 -0.353303 0.37989 0
799 -0.362097 0.383835 0
800 -0.494861 0.41162 0
801 -0.413673 0.387404 0
802 -0.391398 0.388391 0
803 -0.406456 0.393679 0
804 -0.386298 0.38894 0
805 -0.524914 0.419866 0
806 -0.438527 0.394253 0
807 -0.340687 0.379339 0
808 -0.403703 0.399717 0
809 -0.353549 0.385641 0
810 -0.367628 0.392291 0
811 0.402559 0.227222 0
812 0.561819 0.240362 0
813 0.0695135 0.353283 0
814 0.116682 0.313879 0
815 0.148386 0.310019 0
816 0.114693 0.318154 0
817 0.122423 0.314919 0
818 0.121378 0.315158 0
819 0.106025 0.318125 0
820 0.314127 0.271135 0
821 0.301058 0.288317 0
822 1.29339 0 0.00649009
823 0.00588547 0.515541 0
824 0.0591607 0.312871 0
825 0.0591607 0.32253 0
826 0.0591607 0.322527 0
827 0.0591607 0.322524 0
828 0.0591607 0.322521 0
829 0.0591607 0.322518 0
830 0.0591607 0.322515 0
831 0.176478 0.219838 0
832 0.176478 0.304884 0
833 0.176478 0.304875 0
834 0.176478 0.304866 0
835 0.176478 0.304858 0
836 0.176478 0.304849 0
837 0.176478 0.30484 0
838 0.176478 0.304831 0
839 0.176478 0.304822 0
840 0.266614 0.225712 0
841 0.266614 0.291252 0
842 0.266614 0.291238 0
843 0.266614 0.291225 0
844 0.266614 0.291212 0
845 0.266614 0.291199 0
846 0.266614 0.291185 0
847 0.266614 0.291172 0
848 0.266614 0.291159 0
849 0.293855 0.267513 0
850 0.293855 0.287017 0
851 0.293855 0.287002 0
852 0.293855 0.286987 0
853 0.293855 0.286973 0
854 0.293855 0.286958 0
855 0.293855 0.286943 0
856 0.293855 0.286929 0
857 0.422847 0.17462 0
858 0.422847 0.2675 0
859 0.422847 0.267479 0
860 0.422847 0.267458 0
861 0.422847 0.267436 0
862 0.422847 0.267415 0
863 0.422847 0.267394 0
864 0.422847 0.267373 0
865 0.422847 0.267352 0
866 0.437478 0.254485 0
867 0.437478 0.265075 0
868 0.437478 0.265053 0
869 0.437478 0.265031 0
870 0.437478 0.265009 0
871 0.437478 0.264988 0
872 0.437478 0.264966 0
873 0.437478 0.264944 0
874 0.437478 0.264922 0
875 0.488599 0.220384 0
876 0.488599 0.257162 0
877 0.488599 0.257137 0
878 0.488599 0.257113 0
879 0.488599 0.257088 0
880 0.488599 0.257064 0
881 0.488599 0.257039 0
882 0.488599 0.257015 0
883 0.498705 0.248127 0
884 0.498705 0.255405 0
885 0.498705 0.25538 0
886 0.498705 0.255355 0
887 0.498705 0.25533 0
888 0.498705 0.255305 0
889 0.498705 0.25528 0
890 0.498705 0.255256 0
891 0.498705 0.255231 0
892 0.520809 0.235727 0
893 0.520809 0.251817 0
894 0.520809 0.251791 0
895 0.520809 0.251765 0
896 0.520809 0.251739 0
897 0.520809 0.251713 0
898 0.520809 0.251687 0
899 0.520809 0.251661 0
900 0.520809 0.251635 0
901 0.561274 0.216461 0
902 0.561274 0.245459 0
903 0.561274 0.245431 0
904 0.561274 0.245403 0
905 0.561274 0.245375 0
906 0.561274 0.245347 0
907 0.561274 0.245319 0
908 0.561274 0.245291 0
909 0.561274 0.245263 0
910 0.55551 0.249901 0
911 0.55551 0.246017 0
912 0.55551 0.245989 0
913 0.55551 0.245961 0
914 0.55551 0.245933 0
915 0.55551 0.245905 0
916 0.55551 0.245878 0
917 0.55551 0.24585 0
918 0.0364381 0.6 0
919 0.0364381 0.323704 0
920 -2.96356 0.6 0
921 -2.96036 0.6 0
922 -2.98172 0.6 0
923 -2.97549 0.6 0
924 -2.99938 0.6 0
925 -2.99481 0.6 0
926 -2.97925 0.6 0
927 -2.99744 0.6 0
928 -2.98647 0.6 0
929 -2.9833 0.6 0
930 -2.98377 0.6 0
931 -2.98548 0.6 0
932 -2.97858 0.6 0
933 -2.97196 0.6 0
934 -2.98846 0.6 0
935 -2.98378 0.6 0
936 -2.98584 0.6 0
937 -2.9905 0.6 0
938 -2.98912 0.6 0
939 -2.96606 0.6 0
940 -2.99439 0.6 0
941 -2.96587 0.6 0
942 -2.99161 0.6 0
943 -2.99589 0.6 0
944 -2.98978 0.6 0
945 -2.9842 0.6 0
946 -2.98037 0.6 0
947 -2.98074 0.6 0
948 -2.99424 0.6 0
949 -2.97636 0.6 0
950 -2.99638 0.6 0
951 -2.99935 0.6 0
952 -2.98626 0.6 0
953 -2.05251 0.6 0
954 -0.957068 0.564604 0
955 -0.996418 0.6 0
956 -0.979125 0.6 0
957 -0.972597 0.6 0
958 -0.985823 0.6 0
959 -0.983403 0.6 0
960 -0.995712 0.6 0
961 -0.998715 0.6 0
962 -0.990989 0.6 0
963 -0.99732 0.6 0
964 0.0163863 0.359156 0
965 0.0122824 0.507785 0
966 0.0319482 0.500684 0
967 0.0319482 0.504222 0
968 0.0319482 0.504221 0
969 0.0319482 0.504219 0
970 0.0319482 0.504218 0
971 0.0319482 0.504216 0
972 0.0319482 0.504214 0
973 0.0319482 0.504213 0
974 -2.26519 0.6 0
975 -2.98667 0.6 0
976 -2.99444 0.6 0
977 -2.98987 0.6 0
978 -2.97264 0.6 0
979 -2.9811 0.6 0
980 -2.99516 0.6 0
981 -2.99551 0.6 0
982 -2.99551 0.6 0
983 -2.99551 0.6 0
984 -2.99551 0.6 0
985 -2.99551 0.6 0
986 -2.99551 0.6 0
987 -2.99551 0.6 0
988 -2.99363 0.6 0
989 -2.99363 0.6 0
990 -2.99363 0.6 0
991 -2.99363 0.6 0
992 -2.99363 0.6 0
993 -2.99363 0.6 0
994 -2.99363 0.6 0
995 -2.99363 0.6 0
996 -2.99363 0.6 0
997 -2.99139 0.6 0
998 -2.99139 0.6 0
999 -2.99139 0.6 0
1000 -2.99139 0.6 0
1001 -2.99139 0.6 0
1002 -2.99139 0.6 0
1003 -2.99139 0.6 0
1004 -2.99139 0.6 0
1005 -2.99139 0.6 0
1006 -2.97556 0.6 0
1007 -2.97556 0.6 0
1008 -2.97556 0.6 0
1009 -2.97556 0.6 0
1010 -2.97556 0.6 0
1011 -2.97556 0.6 0
1012 -2.97556 0.6 0
1013 -2.97556 0.6 0
1014 -2.97456 0.6 0
1015 -2.97456 0.6 0
1016 -2.97456 0.6 0
1017 -2.97456 0.6 0
1018 -2.97456 0.6 0
1019 -2.97456 0.6 0
1020 -2.97456 0.6 0
1021 -2.97456 0.6 0
1022 -2.97456 0.6 0
1023 -2.98877 0.6 0
1024 -2.98877 0.6 0
1025 -2.98877 0.6 0
1026 -2.98877 0.6 0
1027 -2.98877 0.6 0
1028 -2.98877 0.6 0
1029 -2.98877 0.6 0
1030 -2.98877 0.6 0
1031 -2.98877 0.6 0
1032 -2.98298 0.6 0
1033 -2.98298 0.6 0
1034 -2.98298 0.6 0
1035 -2.98298 0.6 0
1036 -2.98298 0.6 0
1037 -2.98298 0.6 0
1038 -2.98298 0.6 0
1039 -2.98298 0.6 0
1040 -2.98298 0.6 0
1041 -2.98832 0.6 0
1042 -2.98832 0.6 0
1043 -2.98832 0.6 0
1044 -2.98832 0.6 0
1045 -2.98832 0.6 0
1046 -2.98832 0.6 0
1047 -2.98832 0.6 0
1048 -2.98832 0.6 0
1049 -2.98832 0.6 0
1050 -2.98671 0.6 0
1051 -2.98671 0.6 0
1052 -2.98671 0.6 0
1053 -2.98671 0.6 0
1054 -2.98671 0.6 0
1055 -2.98671 0.6 0
1056 -2.98671 0.6 0
1057 -2.98671 0.6 0
1058 -2.98671 0.6 0
1059 -2.97283 0.6 0
1060 -2.97283 0.6 0
1061 -2.97283 0.6 0
1062 -2.97283 0.6 0
1063 -2.97283 0.6 0
1064 -2.97283 0.6 0
1065 -2.97283 0.6 0
1066 -2.97283 0.6 0
1067 -2.97739 0.6 0
1068 -2.97739 0.6 0
1069 -2.97739 0.6 0
1070 -2.97739 0.6 0
1071 -2.97739 0.6 0
1072 -2.97739 0.6 0
1073 -2.97739 0.6 0
1074 -2.97739 0.6 0
1075 -2.97739 0.6 0
1076 -2.97419 0.6 0
1077 -2.97419 0.6 0
1078 -2.97419 0.6 0
1079 -2.97419 0.6 0
1080 -2.97419 0.6 0
1081 -2.97419 0.6 0
1082 -2.97419 0.6 0
1083 -2.97419 0.6 0
1084 -2.97419 0.6 0
1085 -2.99383 0.6 0
1086 -2.99383 0.6 0
1087 -2.99383 0.6 0
1088 -2.99383 0.6 0
1089 -2.99383 0.6 0
1090 -2.99383 0.6 0
1091 -2.99383 0.6 0
1092 -2.99383 0.6 0
1093 -2.99383 0.6 0
1094 -2.97577 0.6 0
1095 -2.97577 0.6 0
1096 -2.97577 0.6 0
1097 -2.97577 0.6 0
1098 -2.97577 0.6 0
1099 -2.97577 0.6 0
1100 -2.97577 0.6 0
1101 -2.97577 0.6 0
1102 -2.97577 0.6 0
1103 -2.99706 0.6 0
1104 -2.99706 0.6 0
1105 -2.99706 0.6 0
1106 -2.99706 0.6 0
1107 -2.99706 0.6 0
1108 -2.99706 0.6 0
1109 -2.99706 0.6 0
1110 -2.99706 0.6 0
1111 -2.98129 0.6 0
1112 -2.98129 0.6 0
1113 -2.98129 0.6 0
1114 -2.98129 0.6 0
1115 -2.98129 0.6 0
1116 -2.98129 0.6 0
1117 -2.98129 0.6 0
1118 -2.98129 0.6 0
1119 -2.98129 0.6 0
1120 -2.98834 0.6 0
1121 -2.98834 0.6 0
1122 -2.98834 0.6 0
1123 -2.98834 0.6 0
1124 -2.98834 0.6 0
1125 -2.98834 0.6 0
1126 -2.98834 0.6 0
1127 -2.98834 0.6 0
1128 -2.98834 0.6 0
1129 -2.99328 0.6 0
1130 -2.99328 0.6 0
1131 -2.99328 0.6 0
1132 -2.99328 0.6 0
1133 -2.99328 0.6 0
1134 -2.99328 0.6 0
1135 -2.99328 0.6 0
1136 -2.99328 0.6 0
1137 -2.99328 0.6 0
1138 -2.99603 0.6 0
1139 -2.99603 0.6 0
1140 -2.99603 0.6 0
1141 -2.99603 0.6 0
1142 -2.99603 0.6 0
1143 -2.99603 0.6 0
1144 -2.99603 0.6 0
1145 -2.99603 0.6 0
1146 -2.98741 0.6 0
1147 -2.98741 0.6 0
1148 -2.98741 0.6 0
1149 -2.98741 0.6 0
1150 -2.98741 0.6 0
1151 -2.98741 0.6 0
1152 -2.98741 0.6 0
1153 -2.98741 0.6 0
1154 -2.98741 0.6 0
1155 -2.96954 0.6 0
1156 -2.96954 0.6 0
1157 -2.96954 0.6 0
1158 -2.96954 0.6 0
1159 -2.96954 0.6 0
1160 -2.96954 0.6 0
1161 -2.96954 0.6 0
1162 -2.96954 0.6 0
1163 -2.96954 0.6 0
1164 -2.99576 0.6 0
1165 -2.99576 0.6 0
1166 -2.99576 0.6 0
1167 -2.99576 0.6 0
1168 -2.99576 0.6 0
1169 -2.99576 0.6 0
1170 -2.99576 0.6 0
1171 -2.99576 0.6 0
1172 -2.99959 0.6 0
1173 -2.99959 0.6 0
1174 -2.99959 0.6 0
1175 -2.99959 0.6 0
1176 -2.99959 0.6 0
1177 -2.99959 0.6 0
1178 -2.99959 0.6 0
1179 -2.99959 0.6 0
1180 -2.99959 0.6 0
1181 -2.9936 0.6 0
1182 -2.9936 0.6 0
1183 -2.9936 0.6 0
1184 -2.9936 0.6 0
1185 -2.9936 0.6 0
1186 -2.9936 0.6 0
1187 -2.9936 0.6 0
1188 -2.9936 0.6 0
1189 -2.9936 0.6 0
1190 -2.99955 0.6 0
1191 -2.99955 0.6 0
1192 -2.99955 0.6 0
1193 -2.99955 0.6 0
1194 -2.99955 0.6 0
1195 -2.99955 0.6 0
1196 -2.99955 0.6 0
1197 -2.99955 0.6 0
1198 -2.97418 0.6 0
1199 -2.97418 0.6 0
1200 -2.97418 0.6 0
1201 -2.97418 0.6 0
1202 -2.97418 0.6 0
1203 -2.97418 0.6 0
1204 -2.97418 0.6 0
1205 -2.97418 0.6 0
1206 -2.97418 0.6 0
1207 -2.98458 0.6 0
1208 -2.98458 0.6 0
1209 -2.98458 0.6 0
1210 -2.98458 0.6 0
1211 -2.98458 0.6 0
1212 -2.98458 0.6 0
1213 -2.98458 0.6 0
1214 -2.98458 0.6 0
1215 -2.97262 0.6 0
1216 -2.97262 0.6 0
1217 -2.97262 0.6 0
1218 -2.97262 0.6 0
1219 -2.97262 0.6 0
1220 -2.97262 0.6 0
1221 -2.97262 0.6 0
1222 -2.97262 0.6 0
1223 -2.97262 0.6 0
1224 -2.99179 0.6 0
1225 -2.99179 0.6 0
1226 -2.99179 0.6 0
1227 -2.99179 0.6 0
1228 -2.99179 0.6 0
1229 -2.99179 0.6 0
1230 -2.99179 0.6 0
1231 -2.99179 0.6 0
1232 -2.99179 0.6 0
1233 -2.98517 0.6 0
1234 -2.98517 0.6 0
1235 -2.98517 0.6 0
1236 -2.98517 0.6 0
1237 -2.98517 0.6 0
1238 -2.98517 0.6 0
1239 -2.98517 0.6 0
1240 -2.98517 0.6 0
1241 -2.9973 0.6 0
1242 -2.9973 0.6 0
1243 -2.9973 0.6 0
1244 -2.9973 0.6 0
1245 -2.9973 0.6 0
1246 -2.9973 0.6 0
1247 -2.9973 0.6 0
1248 -2.9973 0.6 0
1249 -2.9973 0.6 0
1250 -2.99298 0.6 0
1251 -2.99298 0.6 0
1252 -2.99298 0.6 0
1253 -2.99298 0.6 0
1254 -2.99298 0.6 0
1255 -2.99298 0.6 0
1256 -2.99298 0.6 0
1257 -2.99298 0.6 0
1258 -2.98136 0.6 0
1259 -2.98136 0.6 0
1260 -2.98136 0.6 0
1261 -2.98136 0.6 0
1262 -2.98136 0.6 0
1263 -2.98136 0.6 0
1264 -2.98136 0.6 0
1265 -2.98136 0.6 0
1266 -2.98136 0.6 0
1267 -2.98255 0.6 0
1268 -2.98255 0.6 0
1269 -2.98255 0.6 0
1270 -2.98255 0.6 0
1271 -2.98255 0.6 0
1272 -2.98255 0.6 0
1273 -2.98255 0.6 0
1274 -2.98255 0.6 0
1275 -2.98255 0.6 0
1276 -2.95158 0.6 0
1277 -2.95158 0.6 0
1278 -2.95158 0.6 0
1279 -2.95158 0.6 0
1280 -2.95158 0.6 0
1281 -2.95158 0.6 0
1282 -2.95158 0.6 0
1283 -2.95158 0.6 0
1284 -2.99785 0.6 0
1285 -2.99785 0.6 0
1286 -2.99785 0.6 0
1287 -2.99785 0.6 0
1288 -2.99785 0.6 0
1289 -2.99785 0.6 0
1290 -2.99785 0.6 0
1291 -2.99785 0.6 0
1292 -2.99785 0.6 0
1293 -2.98416 0.6 0
1294 -2.98416 0.6 0
1295 -2.98416 0.6 0
1296 -2.98416 0.6 0
1297 -2.98416 0.6 0
1298 -2.98416 0.6 0
1299 -2.98416 0.6 0
1300 -2.98416 0.6 0
1301 -2.96485 0.6 0
1302 -2.96485 0.6 0
1303 -2.96485 0.6 0
1304 -2.96485 0.6 0
1305 -2.96485 0.6 0
1306 -2.96485 0.6 0
1307 -2.96485 0.6 0
1308 -2.96485 0.6 0
1309 -2.96485 0.6 0
1310 -2.9845 0.6 0
1311 -2.9845 0.6 0
1312 -2.9845 0.6 0
1313 -2.9845 0.6 0
1314 -2.9845 0.6 0
1315 -2.9845 0.6 0
1316 -2.9845 0.6 0
1317 -2.9845 0.6 0
1318 -2.9845 0.6 0
1319 -2.98649 0.6 0
1320 -2.98649 0.6 0
1321 -2.98649 0.6 0
1322 -2.98649 0.6 0
1323 -2.98649 0.6 0
1324 -2.98649 0.6 0
1325 -2.98649 0.6 0
1326 -2.98649 0.6 0
1327 -2.98649 0.6 0
1328 -2.97783 0.6 0
1329 -2.97783 0.6 0
1330 -2.97783 0.6 0
1331 -2.97783 0.6 0
1332 -2.97783 0.6 0
1333 -2.97783 0.6 0
1334 -2.97783 0.6 0
1335 -2.97783 0.6 0
1336 -2.9927 0.6 0
1337 -2.9927 0.6 0
1338 -2.9927 0.6 0
1339 -2.9927 0.6 0
1340 -2.9927 0.6 0
1341 -2.9927 0.6 0
1342 -2.9927 0.6 0
1343 -2.9927 0.6 0
1344 -2.9927 0.6 0
1345 -2.9868 0.6 0
1346 -2.9868 0.6 0
1347 -2.9868 0.6 0
1348 -2.9868 0.6 0
1349 -2.9868 0.6 0
1350 -2.9868 0.6 0
1351 -2.9868 0.6 0
1352 -2.9868 0.6 0
1353 -2.9868 0.6 0
1354 -2.97635 0.6 0
1355 -2.97635 0.6 0
1356 -2.97635 0.6 0
1357 -2.97635 0.6 0
1358 -2.97635 0.6 0
1359 -2.97635 0.6 0
1360 -2.97635 0.6 0
1361 -2.97635 0.6 0
1362 -2.99491 0.6 0
1363 -2.99491 0.6 0
1364 -2.99491 0.6 0
1365 -2.99491 0.6 0
1366 -2.99491 0.6 0
1367 -2.99491 0.6 0
1368 -2.99491 0.6 0
1369 -2.99491 0.6 0
1370 -2.99491 0.6 0
1371 -2.99752 0.6 0
1372 -2.99752 0.6 0
1373 -2.99752 0.6 0
1374 -2.99752 0.6 0
1375 -2.99752 0.6 0
1376 -2.99752 0.6 0
1377 -2.99752 0.6 0
1378 -2.99752 0.6 0
1379 -2.99752 0.6 0
1380 -2.99124 0.6 0
1381 -2.99124 0.6 0
1382 -2.99124 0.6 0
1383 -2.99124 0.6 0
1384 -2.99124 0.6 0
1385 -2.99124 0.6 0
1386 -2.99124 0.6 0
1387 -2.99124 0.6 0
1388 -2.99124 0.6 0
1389 -2.97892 0.6 0
1390 -2.97892 0.6 0
1391 -2.97892 0.6 0
1392 -2.97892 0.6 0
1393 -2.97892 0.6 0
1394 -2.97892 0.6 0
1395 -2.97892 0.6 0
1396 -2.97892 0.6 0
1397 -2.97871 0.6 0
1398 -2.97871 0.6 0
1399 -2.97871 0.6 0
1400 -2.97871 0.6 0
1401 -2.97871 0.6 0
1402 -2.97871 0.6 0
1403 -2.97871 0.6 0
1404 -2.97871 0.6 0
1405 -2.97871 0.6 0
1406 -2.99273 0.6 0
1407 -2.99273 0.6 0
1408 -2.99273 0.6 0
1409 -2.99273 0.6 0
1410 -2.99273 0.6 0
1411 -2.99273 0.6 0
1412 -2.99273 0.6 0
1413 -2.99273 0.6 0
1414 -2.99273 0.6 0
1415 -2.98786 0.6 0
1416 -2.98786 0.6 0
1417 -2.98786 0.6 0
1418 -2.98786 0.6 0
1419 -2.98786 0.6 0
1420 -2.98786 0.6 0
1421 -2.98786 0.6 0
1422 -2.98786 0.6 0
1423 -2.98786 0.6 0
1424 -2.9853 0.6 0
1425 -2.9853 0.6 0
1426 -2.9853 0.6 0
1427 -2.9853 0.6 0
1428 -2.9853 0.6 0
1429 -2.9853 0.6 0
1430 -2.9853 0.6 0
1431 -2.9853 0.6 0
1432 -2.9853 0.6 0
1433 -2.99066 0.6 0
1434 -2.99066 0.6 0
1435 -2.99066 0.6 0
1436 -2.99066 0.6 0
1437 -2.99066 0.6 0
1438 -2.99066 0.6 0
1439 -2.99066 0.6 0
1440 -2.99066 0.6 0
1441 -2.99716 0.6 0
1442 -2.99716 0.6 0
1443 -2.99716 0.6 0
1444 -2.99716 0.6 0
1445 -2.99716 0.6 0
1446 -2.99716 0.6 0
1447 -2.99716 0.6 0
1448 -2.99716 0.6 0
1449 -2.99716 0.6 0
1450 -2.99536 0.6 0
1451 -2.99536 0.6 0
1452 -2.99536 0.6 0
1453 -2.99536 0.6 0
1454 -2.99536 0.6 0
1455 -2.99536 0.6 0
1456 -2.99536 0.6 0
1457 -2.99536 0.6 0
1458 -2.99536 0.6 0
1459 -2.9779 0.6 0
1460 -2.9779 0.6 0
1461 -2.9779 0.6 0
1462 -2.9779 0.6 0
1463 -2.9779 0.6 0
1464 -2.9779 0.6 0
1465 -2.9779 0.6 0
1466 -2.9779 0.6 0
1467 -2.9779 0.6 0
1468 -2.98805 0.6 0
1469 -2.98805 0.6 0
1470 -2.98805 0.6 0
1471 -2.98805 0.6 0
1472 -2.98805 0.6 0
1473 -2.98805 0.6 0
1474 -2.98805 0.6 0
1475 -2.98805 0.6 0
1476 -2.98805 0.6 0
1477 -2.99353 0.6 0
1478 -2.99353 0.6 0
1479 -2.99353 0.6 0
1480 -2.99353 0.6 0
1481 -2.99353 0.6 0
1482 -2.99353 0.6 0
1483 -2.99353 0.6 0
1484 -2.99353 0.6 0
1485 -2.99423 0.6 0
1486 -2.99423 0.6 0
1487 -2.99423 0.6 0
1488 -2.99423 0.6 0
1489 -2.99423 0.6 0
1490 -2.99423 0.6 0
1491 -2.99423 0.6 0
1492 -2.99423 0.6 0
1493 -2.99423 0.6 0
1494 -2.98656 0.6 0
1495 -2.98656 0.6 0
1496 -2.98656 0.6 0
1497 -2.98656 0.6 0
1498 -2.98656 0.6 0
1499 -2.98656 0.6 0
1500 -2.98656 0.6 0
1501 -2.98656 0.6 0
1502 -2.98656 0.6 0
1503 -2.98872 0.6 0
1504 -2.98872 0.6 0
1505 -2.98872 0.6 0
1506 -2.98872 0.6 0
1507 -2.98872 0.6 0
1508 -2.98872 0.6 0
1509 -2.98872 0.6 0
1510 -2.98872 0.6 0
1511 -2.9907 0.6 0
1512 -2.9907 0.6 0
1513 -2.9907 0.6 0
1514 -2.9907 0.6 0
1515 -2.9907 0.6 0
1516 -2.9907 0.6 0
1517 -2.9907 0.6 0
1518 -2.9907 0.6 0
1519 -2.9907 0.6 0
1520 -2.98875 0.6 0
1521 -2.98875 0.6 0
1522 -2.98875 0.6 0
1523 -2.98875 0.6 0
1524 -2.98875 0.6 0
1525 -2.98875 0.6 0
1526 -2.98875 0.6 0
1527 -2.98875 0.6 0
1528 -2.99831 0.6 0
1529 -2.99831 0.6 0
1530 -2.99831 0.6 0
1531 -2.99831 0.6 0
1532 -2.99831 0.6 0
1533 -2.99831 0.6 0
1534 -2.99831 0.6 0
1535 -2.99831 0.6 0
1536 -2.99831 0.6 0
1537 -2.98929 0.6 0
1538 -2.98929 0.6 0
1539 -2.98929 0.6 0
1540 -2.98929 0.6 0
1541 -2.98929 0.6 0
1542 -2.98929 0.6 0
1543 -2.98929 0.6 0
1544 -2.98929 0.6 0
1545 -2.98929 0.6 0
1546 -2.99764 0.6 0
1547 -2.99764 0.6 0
1548 -2.99764 0.6 0
1549 -2.99764 0.6 0
1550 -2.99764 0.6 0
1551 -2.99764 0.6 0
1552 -2.99764 0.6 0
1553 -2.99764 0.6 0
1554 -2.9775 0.6 0
1555 -2.9775 0.6 0
1556 -2.9775 0.6 0
1557 -2.9775 0.6 0
1558 -2.9775 0.6 0
1559 -2.9775 0.6 0
1560 -2.9775 0.6 0
1561 -2.9775 0.6 0
1562 -2.9775 0.6 0
1563 -2.98584 0.6 0
1564 -2.98584 0.6 0
1565 -2.98584 0.6 0
1566 -2.98584 0.6 0
1567 -2.98584 0.6 0
1568 -2.98584 0.6 0
1569 -2.98584 0.6 0
1570 -2.98584 0.6 0
1571 -2.99543 0.6 0
1572 -2.99543 0.6 0
1573 -2.99543 0.6 0
1574 -2.99543 0.6 0
1575 -2.99543 0.6 0
1576 -2.99543 0.6 0
1577 -2.99543 0.6 0
1578 -2.99543 0.6 0
1579 -2.99543 0.6 0
1580 -2.99853 0.6 0
1581 -2.99853 0.6 0
1582 -2.99853 0.6 0
1583 -2.99853 0.6 0
1584 -2.99853 0.6 0
1585 -2.99853 0.6 0
1586 -2.99853 0.6 0
1587 -2.99853 0.6 0
1588 -2.99304 0.6 0
1589 -2.99304 0.6 0
1590 -2.99304 0.6 0
1591 -2.99304 0.6 0
1592 -2.99304 0.6 0
1593 -2.99304 0.6 0
1594 -2.99304 0.6 0
1595 -2.99304 0.6 0
1596 -2.99304 0.6 0
1597 -2.99555 0.6 0
1598 -2.99555 0.6 0
1599 -2.99555 0.6 0
1600 -2.99555 0.6 0
1601 -2.99555 0.6 0
1602 -2.99555 0.6 0
1603 -2.99555 0.6 0
1604 -2.99555 0.6 0
1605 -2.99555 0.6 0
1606 -2.96496 0.6 0
1607 -2.96496 0.6 0
1608 -2.96496 0.6 0
1609 -2.96496 0.6 0
1610 -2.96496 0.6 0
1611 -2.96496 0.6 0
1612 -2.96496 0.6 0
1613 -2.96496 0.6 0
1614 -2.98559 0.6 0
1615 -2.98559 0.6 0
1616 -2.98559 0.6 0
1617 -2.98559 0.6 0
1618 -2.98559 0.6 0
1619 -2.98559 0.6 0
1620 -2.98559 0.6 0
1621 -2.98559 0.6 0
1622 -2.98559 0.6 0
1623 -2.98816 0.6 0
1624 -2.98816 0.6 0
1625 -2.98816 0.6 0
1626 -2.98816 0.6 0
1627 -2.98816 0.6 0
1628 -2.98816 0.6 0
1629 -2.98816 0.6 0
1630 -2.98816 0.6 0
1631 -2.98816 0.6 0
1632 -2.99032 0.6 0
1633 -2.99032 0.6 0
1634 -2.99032 0.6 0
1635 -2.99032 0.6 0
1636 -2.99032 0.6 0
1637 -2.99032 0.6 0
1638 -2.99032 0.6 0
1639 -2.99032 0.6 0
1640 -2.99728 0.6 0
1641 -2.99728 0.6 0
1642 -2.99728 0.6 0
1643 -2.99728 0.6 0
1644 -2.99728 0.6 0
1645 -2.99728 0.6 0
1646 -2.99728 0.6 0
1647 -2.99728 0.6 0
1648 -2.99728 0.6 0
1649 -2.98371 0.6 0
1650 -2.98371 0.6 0
1651 -2.98371 0.6 0
1652 -2.98371 0.6 0
1653 -2.98371 0.6 0
1654 -2.98371 0.6 0
1655 -2.98371 0.6 0
1656 -2.98371 0.6 0
1657 -2.98371 0.6 0
1658 -2.98021 0.6 0
1659 -2.98021 0.6 0
1660 -2.98021 0.6 0
1661 -2.98021 0.6 0
1662 -2.98021 0.6 0
1663 -2.98021 0.6 0
1664 -2.98021 0.6 0
1665 -2.98021 0.6 0
1666 -2.99707 0.6 0
1667 -2.99707 0.6 0
1668 -2.99707 0.6 0
1669 -2.99707 0.6 0
1670 -2.99707 0.6 0
1671 -2.99707 0.6 0
1672 -2.99707 0.6 0
1673 -2.99707 0.6 0
1674 -2.99707 0.6 0
1675 -2.97507 0.6 0
1676 -2.97507 0.6 0
1677 -2.97507 0.6 0
1678 -2.97507 0.6 0
1679 -2.97507 0.6 0
1680 -2.97507 0.6 0
1681 -2.97507 0.6 0
1682 -2.97507 0.6 0
1683 -2.9924 0.6 0
1684 -2.9924 0.6 0
1685 -2.9924 0.6 0
1686 -2.9924 0.6 0
1687 -2.9924 0.6 0
1688 -2.9924 0.6 0
1689 -2.9924 0.6 0
1690 -2.9924 0.6 0
1691 -2.9924 0.6 0
1692 -2.98887 0.6 0
1693 -2.98887 0.6 0
1694 -2.98887 0.6 0
1695 -2.98887 0.6 0
1696 -2.98887 0.6 0
1697 -2.98887 0.6 0
1698 -2.98887 0.6 0
1699 -2.98887 0.6 0
1700 -2.98887 0.6 0
1701 -2.99897 0.6 0
1702 -2.99897 0.6 0
1703 -2.99897 0.6 0
1704 -2.99897 0.6 0
1705 -2.99897 0.6 0
1706 -2.99897 0.6 0
1707 -2.99897 0.6 0
1708 -2.99897 0.6 0
1709 -2.99184 0.6 0
1710 -2.99184 0.6 0
1711 -2.99184 0.6 0
1712 -2.99184 0.6 0
1713 -2.99184 0.6 0
1714 -2.99184 0.6 0
1715 -2.99184 0.6 0
1716 -2.99184 0.6 0
1717 -2.99184 0.6 0
1718 -2.99548 0.6 0
1719 -2.99548 0.6 0
1720 -2.99548 0.6 0
1721 -2.99548 0.6 0
1722 -2.99548 0.6 0
1723 -2.99548 0.6 0
1724 -2.99548 0.6 0
1725 -2.99548 0.6 0
1726 -2.99548 0.6 0
1727 -2.9955 0.6 0
1728 -2.9955 0.6 0
1729 -2.9955 0.6 0
1730 -2.9955 0.6 0
1731 -2.9955 0.6 0
1732 -2.9955 0.6 0
1733 -2.9955 0.6 0
1734 -2.9955 0.6 0
1735 -2.98827 0.6 0
1736 -2.98827 0.6 0
1737 -2.98827 0.6 0
1738 -2.98827 0.6 0
1739 -2.98827 0.6 0
1740 -2.98827 0.6 0
1741 -2.98827 0.6 0
1742 -2.98827 0.6 0
1743 -2.98827 0.6 0
1744 -2.99537 0.6 0
1745 -2.99537 0.6 0
1746 -2.99537 0.6 0
1747 -2.99537 0.6 0
1748 -2.99537 0.6 0
1749 -2.99537 0.6 0
1750 -2.99537 0.6 0
1751 -2.99537 0.6 0
1752 -2.9773 0.6 0
1753 -2.9773 0.6 0
1754 -2.9773 0.6 0
1755 -2.9773 0.6 0
1756 -2.9773 0.6 0
1757 -2.9773 0.6 0
1758 -2.9773 0.6 0
1759 -2.9773 0.6 0
1760 -2.9773 0.6 0
1761 -2.97563 0.6 0
1762 -2.97563 0.6 0
1763 -2.97563 0.6 0
1764 -2.97563 0.6 0
1765 -2.97563 0.6 0
1766 -2.97563 0.6 0
1767 -2.97563 0.6 0
1768 -2.97563 0.6 0
1769 -2.98094 0.6 0
1770 -2.98094 0.6 0
1771 -2.98094 0.6 0
1772 -2.98094 0.6 0
1773 -2.98094 0.6 0
1774 -2.98094 0.6 0
1775 -2.98094 0.6 0
1776 -2.98094 0.6 0
1777 -2.98094 0.6 0
1778 -2.9854 0.6 0
1779 -2.9854 0.6 0
1780 -2.9854 0.6 0
1781 -2.9854 0.6 0
1782 -2.9854 0.6 0
1783 -2.9854 0.6 0
1784 -2.9854 0.6 0
1785 -2.9854 0.6 0
1786 -2.9854 0.6 0
1787 -2.99594 0.6 0
1788 -2.99594 0.6 0
1789 -2.99594 0.6 0
1790 -2.99594 0.6 0
1791 -2.99594 0.6 0
1792 -2.99594 0.6 0
1793 -2.99594 0.6 0
1794 -2.99594 0.6 0
1795 -2.99594 0.6 0
1796 -2.99633 0.6 0
1797 -2.99633 0.6 0
1798 -2.99633 0.6 0
1799 -2.99633 0.6 0
1800 -2.99633 0.6 0
1801 -2.99633 0.6 0
1802 -2.99633 0.6 0
1803 -2.99633 0.6 0
1804 -2.99633 0.6 0
1805 -2.9677 0.6 0
1806 -2.9677 0.6 0
1807 -2.9677 0.6 0
1808 -2.9677 0.6 0
1809 -2.9677 0.6 0
1810 -2.9677 0.6 0
1811 -2.9677 0.6 0
1812 -2.9677 0.6 0
1813 -2.9677 0.6 0
1814 -2.99513 0.6 0
1815 -2.99513 0.6 0
1816 -2.99513 0.6 0
1817 -2.99513 0.6 0
1818 -2.99513 0.6 0
1819 -2.99513 0.6 0
1820 -2.99513 0.6 0
1821 -2.99513 0.6 0
1822 -2.96251 0.6 0
1823 -2.96251 0.6 0
1824 -2.96251 0.6 0
1825 -2.96251 0.6 0
1826 -2.96251 0.6 0
1827 -2.96251 0.6 0
1828 -2.96251 0.6 0
1829 -2.96251 0.6 0
1830 -2.96251 0.6 0
1831 -2.98727 0.6 0
1832 -2.98727 0.6 0
1833 -2.98727 0.6 0
1834 -2.98727 0.6 0
1835 -2.98727 0.6 0
1836 -2.98727 0.6 0
1837 -2.98727 0.6 0
1838 -2.98727 0.6 0
1839 -2.98727 0.6 0
1840 -2.98759 0.6 0
1841 -2.98759 0.6 0
1842 -2.98759 0.6 0
1843 -2.98759 0.6 0
1844 -2.98759 0.6 0
1845 -2.98759 0.6 0
1846 -2.98759 0.6 0
1847 -2.98759 0.6 0
1848 -2.98759 0.6 0
1849 -2.99234 0.6 0
1850 -2.99234 0.6 0
1851 -2.99234 0.6 0
1852 -2.99234 0.6 0
1853 -2.99234 0.6 0
1854 -2.99234 0.6 0
1855 -2.99234 0.6 0
1856 -2.99234 0.6 0
1857 -2.99234 0.6 0
1858 -2.98059 0.6 0
1859 -2.98059 0.6 0
1860 -2.98059 0.6 0
1861 -2.98059 0.6 0
1862 -2.98059 0.6 0
1863 -2.98059 0.6 0
1864 -2.98059 0.6 0
1865 -2.98059 0.6 0
1866 -2.99108 0.6 0
1867 -2.99108 0.6 0
1868 -2.99108 0.6 0
1869 -2.99108 0.6 0
1870 -2.99108 0.6 0
1871 -2.99108 0.6 0
1872 -2.99108 0.6 0
1873 -2.99108 0.6 0
1874 -2.99108 0.6 0
1875 -2.99108 0.6 0
1876 -2.99565 0.6 0
1877 -2.99565 0.6 0
1878 -2.99565 0.6 0
1879 -2.99565 0.6 0
1880 -2.99565 0.6 0
1881 -2.99565 0.6 0
1882 -2.99565 0.6 0
1883 -2.99565 0.6 0
1884 -2.99718 0.6 0
1885 -2.99718 0.6 0
1886 -2.99718 0.6 0
1887 -2.99718 0.6 0
1888 -2.99718 0.6 0
1889 -2.99718 0.6 0
1890 -2.99718 0.6 0
1891 -2.99718 0.6 0
1892 -2.99718 0.6 0
1893 -2.97937 0.6 0
1894 -2.97937 0.6 0
1895 -2.97937 0.6 0
1896 -2.97937 0.6 0
1897 -2.97937 0.6 0
1898 -2.97937 0.6 0
1899 -2.97937 0.6 0
1900 -2.97937 0.6 0
1901 -2.97937 0.6 0
1902 -2.99016 0.6 0
1903 -2.99016 0.6 0
1904 -2.99016 0.6 0
1905 -2.99016 0.6 0
1906 -2.99016 0.6 0
1907 -2.99016 0.6 0
1908 -2.99016 0.6 0
1909 -2.99016 0.6 0
1910 -2.99016 0.6 0
1911 -2.98246 0.6 0
1912 -2.98246 0.6 0
1913 -2.98246 0.6 0
1914 -2.98246 0.6 0
1915 -2.98246 0.6 0
1916 -2.98246 0.6 0
1917 -2.98246 0.6 0
1918 -2.98246 0.6 0
1919 -2.98246 0.6 0
1920 -2.99005 0.6 0
1921 -2.99005 0.6 0
1922 -2.99005 0.6 0
1923 -2.99005 0.6 0
1924 -2.99005 0.6 0
1925 -2.99005 0.6 0
1926 -2.99005 0.6 0
1927 -2.99005 0.6 0
1928 -2.98171 0.6 0
1929 -2.98171 0.6 0
1930 -2.98171 0.6 0
1931 -2.98171 0.6 0
1932 -2.98171 0.6 0
1933 -2.98171 0.6 0
1934 -2.98171 0.6 0
1935 -2.98171 0.6 0
1936 -2.98171 0.6 0
1937 -2.98032 0.6 0
1938 -2.98032 0.6 0
1939 -2.98032 0.6 0
1940 -2.98032 0.6 0
1941 -2.98032 0.6 0
1942 -2.98032 0.6 0
1943 -2.98032 0.6 0
1944 -2.98032 0.6 0
1945 -2.98032 0.6 0
1946 -2.99224 0.6 0
1947 -2.99224 0.6 0
1948 -2.99224 0.6 0
1949 -2.99224 0.6 0
1950 -2.99224 0.6 0
1951 -2.99224 0.6 0
1952 -2.99224 0.6 0
1953 -2.99224 0.6 0
1954 -2.99224 0.6 0
1955 -2.98935 0.6 0
1956 -2.98935 0.6 0
1957 -2.98935 0.6 0
1958 -2.98935 0.6 0
1959 -2.98935 0.6 0
1960 -2.98935 0.6 0
1961 -2.98935 0.6 0
1962 -2.98935 0.6 0
1963 -2.98785 0.6 0
1964 -2.98785 0.6 0
1965 -2.98785 0.6 0
1966 -2.98785 0.6 0
1967 -2.98785 0.6 0
1968 -2.98785 0.6 0
1969 -2.98785 0.6 0
1970 -2.98785 0.6 0
1971 -2.98785 0.6 0
1972 -2.98466 0.6 0
1973 -2.98466 0.6 0
1974 -2.98466 0.6 0
1975 -2.98466 0.6 0
1976 -2.98466 0.6 0
1977 -2.98466 0.6 0
1978 -2.98466 0.6 0
1979 -2.98466 0.6 0
1980 -2.98466 0.6 0
1981 -2.99853 0.6 0
1982 -2.99853 0.6 0
1983 -2.99853 0.6 0
1984 -2.99853 0.6 0
1985 -2.99853 0.6 0
1986 -2.99853 0.6 0
1987 -2.99853 0.6 0
1988 -2.99853 0.6 0
1989 -2.99014 0.6 0
1990 -2.99014 0.6 0
1991 -2.99014 0.6 0
1992 -2.99014 0.6 0
1993 -2.99014 0.6 0
1994 -2.99014 0.6 0
1995 -2.99014 0.6 0
1996 -2.99014 0.6 0
1997 -2.99014 0.6 0
1998 -2.98709 0.6 0
1999 -2.98709 0.6 0
2000 -2.98709 0.6 0
2001 -2.98709 0.6 0
2002 -2.98709 0.6 0
2003 -2.98709 0.6 0
2004 -2.98709 0.6 0
2005 -2.98709 0.6 0
2006 -2.98615 0.6 0
2007 -2.98615 0.6 0
2008 -2.98615 0.6 0
2009 -2.98615 0.6 0
2010 -2.98615 0.6 0
2011 -2.98615 0.6 0
2012 -2.98615 0.6 0
2013 -2.98615 0.6 0
2014 -2.98615 0.6 0
2015 -2.9899 0.6 0
2016 -2.9899 0.6 0
2017 -2.9899 0.6 0
2018 -2.9899 0.6 0
2019 -2.9899 0.6 0
2020 -2.9899 0.6 0
2021 -2.9899 0.6 0
2022 -2.9899 0.6 0
2023 -2.9937 0.6 0
2024 -2.9937 0.6 0
2025 -2.9937 0.6 0
2026 -2.9937 0.6 0
2027 -2.9937 0.6 0
2028 -2.9937 0.6 0
2029 -2.9937 0.6 0
2030 -2.9937 0.6 0
2031 -2.9937 0.6 0
2032 -2.98957 0.6 0
2033 -2.98957 0.6 0
2034 -2.98957 0.6 0
2035 -2.98957 0.6 0
2036 -2.98957 0.6 0
2037 -2.98957 0.6 0
2038 -2.98957 0.6 0
2039 -2.98957 0.6 0
2040 -2.98957 0.6 0
2041 -2.98141 0.6 0
2042 -2.98141 0.6 0
2043 -2.98141 0.6 0
2044 -2.98141 0.6 0
2045 -2.98141 0.6 0
2046 -2.98141 0.6 0
2047 -2.98141 0.6 0
2048 -2.98141 0.6 0
2049 -2.9976 0.6 0
2050 -2.9976 0.6 0
2051 -2.9976 0.6 0
2052 -2.9976 0.6 0
2053 -2.9976 0.6 0
2054 -2.9976 0.6 0
2055 -2.9976 0.6 0
2056 -2.9976 0.6 0
2057 -2.9976 0.6 0
2058 -2.98427 0.6 0
2059 -2.98427 0.6 0
2060 -2.98427 0.6 0
2061 -2.98427 0.6 0
2062 -2.98427 0.6 0
2063 -2.98427 0.6 0
2064 -2.98427 0.6 0
2065 -2.98427 0.6 0
2066 -2.9842 0.6 0
2067 -2.9842 0.6 0
2068 -2.9842 0.6 0
2069 -2.9842 0.6 0
2070 -2.9842 0.6 0
2071 -2.9842 0.6 0
2072 -2.9842 0.6 0
2073 -2.9842 0.6 0
2074 -2.9842 0.6 0
2075 -2.99734 0.6 0
2076 -2.99734 0.6 0
2077 -2.99734 0.6 0
2078 -2.99734 0.6 0
2079 -2.99734 0.6 0
2080 -2.99734 0.6 0
2081 -2.99734 0.6 0
2082 -2.99734 0.6 0
2083 -2.99734 0.6 0
2084 -2.99845 0.6 0
2085 -2.99845 0.6 0
2086 -2.99845 0.6 0
2087 -2.99845 0.6 0
2088 -2.99845 0.6 0
2089 -2.99845 0.6 0
2090 -2.99845 0.6 0
2091 -2.99845 0.6 0
2092 -2.99845 0.6 0
2093 -2.99675 0.6 0
2094 -2.99675 0.6 0
2095 -2.99675 0.6 0
2096 -2.99675 0.6 0
2097 -2.99675 0.6 0
2098 -2.99675 0.6 0
2099 -2.99675 0.6 0
2100 -2.99675 0.6 0
2101 -2.98459 0.6 0
2102 -2.98459 0.6 0
2103 -2.98459 0.6 0
2104 -2.98459 0.6 0
2105 -2.98459 0.6 0
2106 -2.98459 0.6 0
2107 -2.98459 0.6 0
2108 -2.98459 0.6 0
2109 -2.98459 0.6 0
2110 -2.99011 0.6 0
2111 -2.99011 0.6 0
2112 -2.99011 0.6 0
2113 -2.99011 0.6 0
2114 -2.99011 0.6 0
2115 -2.99011 0.6 0
2116 -2.99011 0.6 0
2117 -2.99011 0.6 0
2118 -2.99011 0.6 0
2119 -2.99576 0.6 0
2120 -2.99576 0.6 0
2121 -2.99576 0.6 0
2122 -2.99576 0.6 0
2123 -2.99576 0.6 0
2124 -2.99576 0.6 0
2125 -2.99576 0.6 0
2126 -2.99576 0.6 0
2127 -2.97591 0.6 0
2128 -2.97591 0.6 0
2129 -2.97591 0.6 0
2130 -2.97591 0.6 0
2131 -2.97591 0.6 0
2132 -2.97591 0.6 0
2133 -2.97591 0.6 0
2134 -2.97591 0.6 0
2135 -2.97591 0.6 0
2136 -2.98692 0.6 0
2137 -2.98692 0.6 0
2138 -2.99747 0.6 0
2139 -2.96885 0.6 0
2140 -2.99742 0.6 0
2141 -2.97594 0.6 0
2142 -2.99297 0.6 0
2143 -2.99056 0.6 0
2144 -2.99235 0.6 0
2145 -2.97362 0.6 0
2146 -2.9937 0.6 0
2147 -2.99493 0.6 0
2148 -2.99781 0.6 0
2149 -2.9899 0.6 0
2150 -2.99707 0.6 0
2151 -2.98507 0.6 0
2152 -2.9903 0.6 0
2153 -2.97723 0.6 0
2154 -2.98313 0.6 0
2155 -2.98609 0.6 0
2156 -2.9993 0.6 0
2157 -2.99161 0.6 0
2158 -2.99357 0.6 0
2159 -2.98442 0.6 0
2160 -2.97246 0.6 0
2161 -2.99052 0.6 0
2162 -2.99313 0.6 0
2163 -2.98879 0.6 0
2164 -2.99751 0.6 0
2165 -2.98282 0.6 0
2166 -2.98999 0.6 0
2167 -2.99655 0.6 0
2168 -2.98667 0.6 0
2169 -2.97639 0.6 0
2170 -2.99184 0.6 0
2171 -2.9942 0.6 0
2172 -2.97631 0.6 0
2173 -2.98412 0.6 0
2174 -2.99469 0.6 0
2175 -2.998 0.6 0
2176 -2.96779 0.6 0
2177 -2.98675 0.6 0
2178 -2.9969 0.6 0
2179 -2.97856 0.6 0
2180 -2.997 0.6 0
2181 -2.98884 0.6 0
2182 -2.99713 0.6 0
2183 -2.98374 0.6 0
2184 -2.98377 0.6 0
2185 -2.95066 0.6 0
2186 -2.95303 0.6 0
2187 -2.99821 0.6 0
2188 -2.99359 0.6 0
2189 -2.99461 0.6 0
2190 -2.99667 0.6 0
2191 -2.94852 0.6 0
2192 -2.9897 0.6 0
2193 -2.99108 0.6 0
2194 -2.98952 0.6 0
2195 -2.97867 0.6 0
2196 -2.96763 0.6 0
2197 -2.99885 0.6 0
2198 -2.99019 0.6 0
2199 -2.99599 0.6 0
2200 -2.99031 0.6 0
2201 -2.97908 0.6 0
2202 -2.9915 0.6 0
2203 -2.98818 0.6 0
2204 -2.99228 0.6 0
2205 -2.98129 0.6 0
2206 -2.98625 0.6 0
2207 -2.98212 0.6 0
2208 -2.9868 0.6 0
2209 -2.98878 0.6 0
2210 -2.96968 0.6 0
2211 -2.97925 0.6 0
2212 -2.98297 0.6 0
2213 -2.96854 0.6 0
2214 -2.99437 0.6 0
2215 -2.95906 0.6 0
2216 -2.97158 0.6 0
2217 -2.97942 0.6 0
2218 -2.98987 0.6 0
2219 -2.99045 0.6 0
2220 -2.98755 0.6 0
2221 -2.97527 0.6 0
2222 -2.97838 0.6 0
2223 -2.98883 0.6 0
2224 -2.98981 0.6 0
2225 -2.99227 0.6 0
2226 -2.97675 0.6 0
2227 -2.9946 0.6 0
2228 -2.99277 0.6 0
2229 -2.96387 0.6 0
2230 -2.99709 0.6 0
2231 -2.97624 0.6 0
2232 -2.99874 0.6 0
2233 -2.99046 0.6 0
2234 -2.97566 0.6 0
2235 -2.98302 0.6 0
2236 -2.94585 0.6 0
2237 -2.99662 0.6 0
2238 -2.98915 0.6 0
2239 -3 0.6 0
2240 -2.94968 0.6 0
2241 -2.98566 0.6 0
2242 -2.97908 0.6 0
2243 -2.97807 0.6 0
2244 -2.99432 0.6 0
2245 -2.97444 0.6 0
2246 -2.99773 0.6 0
2247 -2.05219 0.6 0
2248 -0.98422 0.6 0
2249 -0.984294 0.6 0
2250 -0.992322 0.6 0
2251 -0.977284 0.6 0
2252 -0.982164 0.6 0
2253 -0.972469 0.6 0
2254 -0.992641 0.6 0
2255 -0.97948 0.6 0
2256 -0.994635 0.6 0
2257 -0.985948 0.6 0
2258 0.00346975 0.6 0
2259 0.0215369 0.6 0
2260 0.0368242 0.6 0
2261 0.0368242 0.6 0
2262 0.0368242 0.6 0
2263 0.0368242 0.6 0
2264 0.0368242 0.6 0
2265 0.0368242 0.6 0
2266 0.0368242 0.6 0
2267 0.0368242 0.6 0
2268 -2.19929 0.6 0
2269 -2.98623 0.6 0
2270 -2.9871 0.6 0
2271 -2.99587 0.6 0
2272 -2.97848 0.6 0
2273 -2.99381 0.6 0
2274 -2.99679 0.6 0
2275 -2.99024 0.6 0
2276 -2.99601 0.6 0
2277 -2.98962 0.6 0
2278 -2.98636 0.6 0
2279 -2.97532 0.6 0
2280 -2.99469 0.6 0
2281 -2.99469 0.6 0
2282 -2.99469 0.6 0
2283 -2.99469 0.6 0
2284 -2.99469 0.6 0
2285 -2.99469 0.6 0
2286 -2.99469 0.6 0
2287 -2.99469 0.6 0
2288 -2.98166 0.6 0
2289 -2.98166 0.6 0
2290 -2.98166 0.6 0
2291 -2.98166 0.6 0
2292 -2.98166 0.6 0
2293 -2.98166 0.6 0
2294 -2.98166 0.6 0
2295 -2.98166 0.6 0
2296 -2.99262 0.6 0
2297 -2.99262 0.6 0
2298 -2.99262 0.6 0
2299 -2.99262 0.6 0
2300 -2.99262 0.6 0
2301 -2.99262 0.6 0
2302 -2.99262 0.6 0
2303 -2.99262 0.6 0
2304 -2.99262 0.6 0
2305 -2.99233 0.6 0
2306 -2.99233 0.6 0
2307 -2.99233 0.6 0
2308 -2.99233 0.6 0
2309 -2.99233 0.6 0
2310 -2.99233 0.6 0
2311 -2.99233 0.6 0
2312 -2.99233 0.6 0
2313 -2.99233 0.6 0
2314 -2.98199 0.6 0
2315 -2.98199 0.6 0
2316 -2.98199 0.6 0
2317 -2.98199 0.6 0
2318 -2.98199 0.6 0
2319 -2.98199 0.6 0
2320 -2.98199 0.6 0
2321 -2.98199 0.6 0
2322 -2.98199 0.6 0
2323 -2.99697 0.6 0
2324 -2.99697 0.6 0
2325 -2.99697 0.6 0
2326 -2.99697 0.6 0
2327 -2.99697 0.6 0
2328 -2.99697 0.6 0
2329 -2.99697 0.6 0
2330 -2.99697 0.6 0
2331 -2.99697 0.6 0
2332 -2.99759 0.6 0
2333 -2.99759 0.6 0
2334 -2.99759 0.6 0
2335 -2.99759 0.6 0
2336 -2.99759 0.6 0
2337 -2.99759 0.6 0
2338 -2.99759 0.6 0
2339 -2.99759 0.6 0
2340 -2.97481 0.6 0
2341 -2.97481 0.6 0
2342 -2.97481 0.6 0
2343 -2.97481 0.6 0
2344 -2.97481 0.6 0
2345 -2.97481 0.6 0
2346 -2.97481 0.6 0
2347 -2.97481 0.6 0
2348 -2.97481 0.6 0
2349 -2.97481 0.6 0
2350 -2.97924 0.6 0
2351 -2.97924 0.6 0
2352 -2.97924 0.6 0
2353 -2.97924 0.6 0
2354 -2.97924 0.6 0
2355 -2.97924 0.6 0
2356 -2.97924 0.6 0
2357 -2.97924 0.6 0
2358 -2.99679 0.6 0
2359 -2.99679 0.6 0
2360 -2.99679 0.6 0
2361 -2.99679 0.6 0
2362 -2.99679 0.6 0
2363 -2.99679 0.6 0
2364 -2.99679 0.6 0
2365 -2.99679 0.6 0
2366 -2.99679 0.6 0
2367 -2.98794 0.6 0
2368 -2.98794 0.6 0
2369 -2.98794 0.6 0
2370 -2.98794 0.6 0
2371 -2.98794 0.6 0
2372 -2.98794 0.6 0
2373 -2.98794 0.6 0
2374 -2.98794 0.6 0
2375 -2.98794 0.6 0
2376 -2.96879 0.6 0
2377 -2.96879 0.6 0
2378 -2.96879 0.6 0
2379 -2.96879 0.6 0
2380 -2.96879 0.6 0
2381 -2.96879 0.6 0
2382 -2.96879 0.6 0
2383 -2.96879 0.6 0
2384 -2.99805 0.6 0
2385 -2.99805 0.6 0
2386 -2.99805 0.6 0
2387 -2.99805 0.6 0
2388 -2.99805 0.6 0
2389 -2.99805 0.6 0
2390 -2.99805 0.6 0
2391 -2.99805 0.6 0
2392 -2.99805 0.6 0
2393 -2.99805 0.6 0
2394 -2.99399 0.6 0
2395 -2.99399 0.6 0
2396 -2.99399 0.6 0
2397 -2.99399 0.6 0
2398 -2.99399 0.6 0
2399 -2.99399 0.6 0
2400 -2.99399 0.6 0
2401 -2.99399 0.6 0
2402 -2.98261 0.6 0
2403 -2.98261 0.6 0
2404 -2.98261 0.6 0
2405 -2.98261 0.6 0
2406 -2.98261 0.6 0
2407 -2.98261 0.6 0
2408 -2.98261 0.6 0
2409 -2.98261 0.6 0
2410 -2.98261 0.6 0
2411 -2.99918 0.6 0
2412 -2.99918 0.6 0
2413 -2.99918 0.6 0
2414 -2.99918 0.6 0
2415 -2.99918 0.6 0
2416 -2.99918 0.6 0
2417 -2.99918 0.6 0
2418 -2.99918 0.6 0
2419 -2.98799 0.6 0
2420 -2.98799 0.6 0
2421 -2.98799 0.6 0
2422 -2.98799 0.6 0
2423 -2.98799 0.6 0
2424 -2.98799 0.6 0
2425 -2.98799 0.6 0
2426 -2.98799 0.6 0
2427 -2.98799 0.6 0
2428 -2.98799 0.6 0
2429 -2.97515 0.6 0
2430 -2.97515 0.6 0
2431 -2.97515 0.6 0
2432 -2.97515 0.6 0
2433 -2.97515 0.6 0
2434 -2.97515 0.6 0
2435 -2.97515 0.6 0
2436 -2.97515 0.6 0
2437 -2.99966 0.6 0
2438 -2.99966 0.6 0
2439 -2.99966 0.6 0
2440 -2.99966 0.6 0
2441 -2.99966 0.6 0
2442 -2.99966 0.6 0
2443 -2.99966 0.6 0
2444 -2.99966 0.6 0
2445 -2.99966 0.6 0
2446 -2.99966 0.6 0
2447 -2.98216 0.6 0
2448 -2.98216 0.6 0
2449 -2.98216 0.6 0
2450 -2.98216 0.6 0
2451 -2.98216 0.6 0
2452 -2.98216 0.6 0
2453 -2.98216 0.6 0
2454 -2.98216 0.6 0
2455 -2.98216 0.6 0
2456 -2.98984 0.6 0
2457 -2.98984 0.6 0
2458 -2.98984 0.6 0
2459 -2.98984 0.6 0
2460 -2.98984 0.6 0
2461 -2.98984 0.6 0
2462 -2.98984 0.6 0
2463 -2.98984 0.6 0
2464 -2.98984 0.6 0
2465 -2.98984 0.6 0
2466 -2.97111 0.6 0
2467 -2.97111 0.6 0
2468 -2.97111 0.6 0
2469 -2.97111 0.6 0
2470 -2.97111 0.6 0
2471 -2.97111 0.6 0
2472 -2.97111 0.6 0
2473 -2.97111 0.6 0
2474 -2.97111 0.6 0
2475 -2.99106 0.6 0
2476 -2.99106 0.6 0
2477 -2.99106 0.6 0
2478 -2.99106 0.6 0
2479 -2.99106 0.6 0
2480 -2.99106 0.6 0
2481 -2.99106 0.6 0
2482 -2.99106 0.6 0
2483 -2.99106 0.6 0
2484 -2.99251 0.6 0
2485 -2.99251 0.6 0
2486 -2.99251 0.6 0
2487 -2.99251 0.6 0
2488 -2.99251 0.6 0
2489 -2.99251 0.6 0
2490 -2.99251 0.6 0
2491 -2.99251 0.6 0
2492 -2.99251 0.6 0
2493 -2.97509 0.6 0
2494 -2.97509 0.6 0
2495 -2.97509 0.6 0
2496 -2.97509 0.6 0
2497 -2.97509 0.6 0
2498 -2.97509 0.6 0
2499 -2.97509 0.6 0
2500 -2.97509 0.6 0
2501 -2.97509 0.6 0
2502 -2.99381 0.6 0
2503 -2.99381 0.6 0
2504 -2.99381 0.6 0
2505 -2.99381 0.6 0
2506 -2.99381 0.6 0
2507 -2.99381 0.6 0
2508 -2.99381 0.6 0
2509 -2.99381 0.6 0
2510 -2.99381 0.6 0
2511 -2.99081 0.6 0
2512 -2.99081 0.6 0
2513 -2.99081 0.6 0
2514 -2.99081 0.6 0
2515 -2.99081 0.6 0
2516 -2.99081 0.6 0
2517 -2.99081 0.6 0
2518 -2.99081 0.6 0
2519 -2.99081 0.6 0
2520 -2.99667 0.6 0
2521 -2.99667 0.6 0
2522 -2.99667 0.6 0
2523 -2.99667 0.6 0
2524 -2.99667 0.6 0
2525 -2.99667 0.6 0
2526 -2.99667 0.6 0
2527 -2.99667 0.6 0
2528 -2.99667 0.6 0
2529 -2.98957 0.6 0
2530 -2.98957 0.6 0
2531 -2.98957 0.6 0
2532 -2.98957 0.6 0
2533 -2.98957 0.6 0
2534 -2.98957 0.6 0
2535 -2.98957 0.6 0
2536 -2.98957 0.6 0
2537 -2.98957 0.6 0
2538 -2.98957 0.6 0
2539 -2.98957 0.6 0
2540 -2.98647 0.6 0
2541 -2.98647 0.6 0
2542 -2.98647 0.6 0
2543 -2.98647 0.6 0
2544 -2.98647 0.6 0
2545 -2.98647 0.6 0
2546 -2.98647 0.6 0
2547 -2.98647 0.6 0
2548 -2.98647 0.6 0
2549 -2.98681 0.6 0
2550 -2.98681 0.6 0
2551 -2.98681 0.6 0
2552 -2.98681 0.6 0
2553 -2.98681 0.6 0
2554 -2.98681 0.6 0
2555 -2.98681 0.6 0
2556 -2.98681 0.6 0
2557 -2.98681 0.6 0
2558 -2.98681 0.6 0
2559 -2.99545 0.6 0
2560 -2.99545 0.6 0
2561 -2.99545 0.6 0
2562 -2.99545 0.6 0
2563 -2.99545 0.6 0
2564 -2.99545 0.6 0
2565 -2.99545 0.6 0
2566 -2.99545 0.6 0
2567 -2.99545 0.6 0
2568 -2.99789 0.6 0
2569 -2.99789 0.6 0
2570 -2.99789 0.6 0
2571 -2.99789 0.6 0
2572 -2.99789 0.6 0
2573 -2.99789 0.6 0
2574 -2.99789 0.6 0
2575 -2.99789 0.6 0
2576 -2.99789 0.6 0
2577 -2.98891 0.6 0
2578 -2.98891 0.6 0
2579 -2.98891 0.6 0
2580 -2.98891 0.6 0
2581 -2.98891 0.6 0
2582 -2.98891 0.6 0
2583 -2.98891 0.6 0
2584 -2.98891 0.6 0
2585 -2.98891 0.6 0
2586 -2.98314 0.6 0
2587 -2.98314 0.6 0
2588 -2.98314 0.6 0
2589 -2.98314 0.6 0
2590 -2.98314 0.6 0
2591 -2.98314 0.6 0
2592 -2.98314 0.6 0
2593 -2.98314 0.6 0
2594 -2.98314 0.6 0
2595 -2.99392 0.6 0
2596 -2.99392 0.6 0
2597 -2.99392 0.6 0
2598 -2.99392 0.6 0
2599 -2.99392 0.6 0
2600 -2.99392 0.6 0
2601 -2.99392 0.6 0
2602 -2.99392 0.6 0
2603 -2.99392 0.6 0
2604 -2.98013 0.6 0
2605 -2.98013 0.6 0
2606 -2.98013 0.6 0
2607 -2.98013 0.6 0
2608 -2.98013 0.6 0
2609 -2.98013 0.6 0
2610 -2.98013 0.6 0
2611 -2.98013 0.6 0
2612 -2.98013 0.6 0
2613 -2.97149 0.6 0
2614 -2.97149 0.6 0
2615 -2.97149 0.6 0
2616 -2.97149 0.6 0
2617 -2.97149 0.6 0
2618 -2.97149 0.6 0
2619 -2.97149 0.6 0
2620 -2.97149 0.6 0
2621 -2.97149 0.6 0
2622 -2.97134 0.6 0
2623 -2.97134 0.6 0
2624 -2.97134 0.6 0
2625 -2.97134 0.6 0
2626 -2.97134 0.6 0
2627 -2.97134 0.6 0
2628 -2.97134 0.6 0
2629 -2.97134 0.6 0
2630 -2.97134 0.6 0
2631 -2.99262 0.6 0
2632 -2.99262 0.6 0
2633 -2.99262 0.6 0
2634 -2.99262 0.6 0
2635 -2.99262 0.6 0
2636 -2.99262 0.6 0
2637 -2.99262 0.6 0
2638 -2.99262 0.6 0
2639 -2.99262 0.6 0
2640 -2.99006 0.6 0
2641 -2.99006 0.6 0
2642 -2.99006 0.6 0
2643 -2.99006 0.6 0
2644 -2.99006 0.6 0
2645 -2.99006 0.6 0
2646 -2.99006 0.6 0
2647 -2.99006 0.6 0
2648 -2.99006 0.6 0
2649 -2.99663 0.6 0
2650 -2.99663 0.6 0
2651 -2.99663 0.6 0
2652 -2.99663 0.6 0
2653 -2.99663 0.6 0
2654 -2.99663 0.6 0
2655 -2.99663 0.6 0
2656 -2.99663 0.6 0
2657 -2.99663 0.6 0
2658 -2.98285 0.6 0
2659 -2.98285 0.6 0
2660 -2.98285 0.6 0
2661 -2.98285 0.6 0
2662 -2.98285 0.6 0
2663 -2.98285 0.6 0
2664 -2.98285 0.6 0
2665 -2.98285 0.6 0
2666 -2.98285 0.6 0
2667 -2.98401 0.6 0
2668 -2.98401 0.6 0
2669 -2.98401 0.6 0
2670 -2.98401 0.6 0
2671 -2.98401 0.6 0
2672 -2.98401 0.6 0
2673 -2.98401 0.6 0
2674 -2.98401 0.6 0
2675 -2.98401 0.6 0
2676 -2.99334 0.6 0
2677 -2.99334 0.6 0
2678 -2.99334 0.6 0
2679 -2.99334 0.6 0
2680 -2.99334 0.6 0
2681 -2.99334 0.6 0
2682 -2.99334 0.6 0
2683 -2.99334 0.6 0
2684 -2.99334 0.6 0
2685 -2.99083 0.6 0
2686 -2.99083 0.6 0
2687 -2.99083 0.6 0
2688 -2.99083 0.6 0
2689 -2.99083 0.6 0
2690 -2.99083 0.6 0
2691 -2.99083 0.6 0
2692 -2.99083 0.6 0
2693 -2.99083 0.6 0
2694 -2.96239 0.6 0
2695 -2.96239 0.6 0
2696 -2.96239 0.6 0
2697 -2.96239 0.6 0
2698 -2.96239 0.6 0
2699 -2.96239 0.6 0
2700 -2.96239 0.6 0
2701 -2.96239 0.6 0
2702 -2.99609 0.6 0
2703 -2.99609 0.6 0
2704 -2.99609 0.6 0
2705 -2.99609 0.6 0
2706 -2.99609 0.6 0
2707 -2.99609 0.6 0
2708 -2.99609 0.6 0
2709 -2.99609 0.6 0
2710 -2.99609 0.6 0
2711 -2.99609 0.6 0
2712 -2.98046 0.6 0
2713 -2.98046 0.6 0
2714 -2.98046 0.6 0
2715 -2.98046 0.6 0
2716 -2.98046 0.6 0
2717 -2.98046 0.6 0
2718 -2.98046 0.6 0
2719 -2.98046 0.6 0
2720 -2.98046 0.6 0
2721 -2.98046 0.6 0
2722 -2.98046 0.6 0
2723 -2.98046 0.6 0
2724 -2.99708 0.6 0
2725 -2.99708 0.6 0
2726 -2.99708 0.6 0
2727 -2.99708 0.6 0
2728 -2.99708 0.6 0
2729 -2.99708 0.6 0
2730 -2.99708 0.6 0
2731 -2.99708 0.6 0
2732 -2.99266 0.6 0
2733 -2.99266 0.6 0
2734 -2.99266 0.6 0
2735 -2.99266 0.6 0
2736 -2.99266 0.6 0
2737 -2.99266 0.6 0
2738 -2.99266 0.6 0
2739 -2.99266 0.6 0
2740 -2.99266 0.6 0
2741 -2.98556 0.6 0
2742 -2.98556 0.6 0
2743 -2.98556 0.6 0
2744 -2.98556 0.6 0
2745 -2.98556 0.6 0
2746 -2.98556 0.6 0
2747 -2.98556 0.6 0
2748 -2.98556 0.6 0
2749 -2.98556 0.6 0
2750 -2.98207 0.6 0
2751 -2.98207 0.6 0
2752 -2.98207 0.6 0
2753 -2.98207 0.6 0
2754 -2.98207 0.6 0
2755 -2.98207 0.6 0
2756 -2.98207 0.6 0
2757 -2.98207 0.6 0
2758 -2.98207 0.6 0
2759 -2.98207 0.6 0
2760 -2.97298 0.6 0
2761 -2.97298 0.6 0
2762 -2.97298 0.6 0
2763 -2.97298 0.6 0
2764 -2.97298 0.6 0
2765 -2.97298 0.6 0
2766 -2.97298 0.6 0
2767 -2.97298 0.6 0
2768 -2.97298 0.6 0
2769 -2.9751 0.6 0
2770 -2.9751 0.6 0
2771 -2.9751 0.6 0
2772 -2.9751 0.6 0
2773 -2.9751 0.6 0
2774 -2.9751 0.6 0
2775 -2.9751 0.6 0
2776 -2.9751 0.6 0
2777 -2.9751 0.6 0
2778 -2.97329 0.6 0
2779 -2.97329 0.6 0
2780 -2.97329 0.6 0
2781 -2.97329 0.6 0
2782 -2.97329 0.6 0
2783 -2.97329 0.6 0
2784 -2.97329 0.6 0
2785 -2.97329 0.6 0
2786 -2.97329 0.6 0
2787 -2.98947 0.6 0
2788 -2.98947 0.6 0
2789 -2.98947 0.6 0
2790 -2.98947 0.6 0
2791 -2.98947 0.6 0
2792 -2.98947 0.6 0
2793 -2.98947 0.6 0
2794 -2.98947 0.6 0
2795 -2.98947 0.6 0
2796 -2.98947 0.6 0
2797 -2.99862 0.6 0
2798 -2.99862 0.6 0
2799 -2.99862 0.6 0
2800 -2.99862 0.6 0
2801 -2.99862 0.6 0
2802 -2.99862 0.6 0
2803 -2.99862 0.6 0
2804 -2.99862 0.6 0
2805 -2.99862 0.6 0
2806 -2.99862 0.6 0
2807 -2.98633 0.6 0
2808 -2.98633 0.6 0
2809 -2.98633 0.6 0
2810 -2.98633 0.6 0
2811 -2.98633 0.6 0
2812 -2.98633 0.6 0
2813 -2.98633 0.6 0
2814 -2.98633 0.6 0
2815 -2.98633 0.6 0
2816 -2.98633 0.6 0
2817 -2.98633 0.6 0
2818 -2.98308 0.6 0
2819 -2.98308 0.6 0
2820 -2.98308 0.6 0
2821 -2.98308 0.6 0
2822 -2.98308 0.6 0
2823 -2.98308 0.6 0
2824 -2.98308 0.6 0
2825 -2.98308 0.6 0
2826 -2.98308 0.6 0
2827 -2.97847 0.6 0
2828 -2.97847 0.6 0
2829 -2.97847 0.6 0
2830 -2.97847 0.6 0
2831 -2.97847 0.6 0
2832 -2.97847 0.6 0
2833 -2.97847 0.6 0
2834 -2.97847 0.6 0
2835 -2.97847 0.6 0
2836 -2.97847 0.6 0
2837 -2.98021 0.6 0
2838 -2.98021 0.6 0
2839 -2.98021 0.6 0
2840 -2.98021 0.6 0
2841 -2.98021 0.6 0
2842 -2.98021 0.6 0
2843 -2.98021 0.6 0
2844 -2.98021 0.6 0
2845 -2.98021 0.6 0
2846 -2.96509 0.6 0
2847 -2.96509 0.6 0
2848 -2.96509 0.6 0
2849 -2.96509 0.6 0
2850 -2.96509 0.6 0
2851 -2.96509 0.6 0
2852 -2.96509 0.6 0
2853 -2.96509 0.6 0
2854 -2.96509 0.6 0
2855 -2.978 0.6 0
2856 -2.978 0.6 0
2857 -2.978 0.6 0
2858 -2.978 0.6 0
2859 -2.978 0.6 0
2860 -2.978 0.6 0
2861 -2.978 0.6 0
2862 -2.978 0.6 0
2863 -2.978 0.6 0
2864 -2.97282 0.6 0
2865 -2.97282 0.6 0
2866 -2.97282 0.6 0
2867 -2.97282 0.6 0
2868 -2.97282 0.6 0
2869 -2.97282 0.6 0
2870 -2.97282 0.6 0
2871 -2.97282 0.6 0
2872 -2.97282 0.6 0
2873 -2.97282 0.6 0
2874 -2.9984 0.6 0
2875 -2.9984 0.6 0
2876 -2.9984 0.6 0
2877 -2.9984 0.6 0
2878 -2.9984 0.6 0
2879 -2.9984 0.6 0
2880 -2.9984 0.6 0
2881 -2.9984 0.6 0
2882 -2.9984 0.6 0
2883 -2.9699 0.6 0
2884 -2.9699 0.6 0
2885 -2.9699 0.6 0
2886 -2.9699 0.6 0
2887 -2.9699 0.6 0
2888 -2.9699 0.6 0
2889 -2.9699 0.6 0
2890 -2.9699 0.6 0
2891 -2.9699 0.6 0
2892 -2.98641 0.6 0
2893 -2.98641 0.6 0
2894 -2.98641 0.6 0
2895 -2.98641 0.6 0
2896 -2.98641 0.6 0
2897 -2.98641 0.6 0
2898 -2.98641 0.6 0
2899 -2.98641 0.6 0
2900 -2.98641 0.6 0
2901 -2.9909 0.6 0
2902 -2.9909 0.6 0
2903 -2.9909 0.6 0
2904 -2.9909 0.6 0
2905 -2.9909 0.6 0
2906 -2.9909 0.6 0
2907 -2.9909 0.6 0
2908 -2.9909 0.6 0
2909 -2.9909 0.6 0
2910 -2.9909 0.6 0
2911 -2.98551 0.6 0
2912 -2.98551 0.6 0
2913 -2.98551 0.6 0
2914 -2.98551 0.6 0
2915 -2.98551 0.6 0
2916 -2.98551 0.6 0
2917 -2.98551 0.6 0
2918 -2.98551 0.6 0
2919 -2.98551 0.6 0
2920 -2.98551 0.6 0
2921 -2.98773 0.6 0
2922 -2.98773 0.6 0
2923 -2.98773 0.6 0
2924 -2.98773 0.6 0
2925 -2.98773 0.6 0
2926 -2.98773 0.6 0
2927 -2.98773 0.6 0
2928 -2.98773 0.6 0
2929 -2.98773 0.6 0
2930 -2.98931 0.6 0
2931 -2.98931 0.6 0
2932 -2.98931 0.6 0
2933 -2.98931 0.6 0
2934 -2.98931 0.6 0
2935 -2.98931 0.6 0
2936 -2.98931 0.6 0
2937 -2.98931 0.6 0
2938 -2.98931 0.6 0
2939 -2.99652 0.6 0
2940 -2.99652 0.6 0
2941 -2.99652 0.6 0
2942 -2.99652 0.6 0
2943 -2.99652 0.6 0
2944 -2.99652 0.6 0
2945 -2.99652 0.6 0
2946 -2.99652 0.6 0
2947 -2.99652 0.6 0
2948 -2.99652 0.6 0
2949 -2.98593 0.6 0
2950 -2.98593 0.6 0
2951 -2.98593 0.6 0
2952 -2.98593 0.6 0
2953 -2.98593 0.6 0
2954 -2.98593 0.6 0
2955 -2.98593 0.6 0
2956 -2.98593 0.6 0
2957 -2.98593 0.6 0
2958 -2.99496 0.6 0
2959 -2.99496 0.6 0
2960 -2.99496 0.6 0
2961 -2.99496 0.6 0
2962 -2.99496 0.6 0
2963 -2.99496 0.6 0
2964 -2.99496 0.6 0
2965 -2.99496 0.6 0
2966 -2.99496 0.6 0
2967 -2.98599 0.6 0
2968 -2.98599 0.6 0
2969 -2.98599 0.6 0
2970 -2.98599 0.6 0
2971 -2.98599 0.6 0
2972 -2.98599 0.6 0
2973 -2.98599 0.6 0
2974 -2.98599 0.6 0
2975 -2.98599 0.6 0
2976 -2.98599 0.6 0
2977 -2.97835 0.6 0
2978 -2.97835 0.6 0
2979 -2.97835 0.6 0
2980 -2.97835 0.6 0
2981 -2.97835 0.6 0
2982 -2.97835 0.6 0
2983 -2.97835 0.6 0
2984 -2.97835 0.6 0
2985 -2.97835 0.6 0
2986 -2.97835 0.6 0
2987 -2.97835 0.6 0
2988 -2.98938 0.6 0
2989 -2.98938 0.6 0
2990 -2.98938 0.6 0
2991 -2.98938 0.6 0
2992 -2.98938 0.6 0
2993 -2.98938 0.6 0
2994 -2.98938 0.6 0
2995 -2.98938 0.6 0
2996 -2.98938 0.6 0
2997 -2.9974 0.6 0
2998 -2.9974 0.6 0
2999 -2.9974 0.6 0
3000 -2.9974 0.6 0
3001 -2.9974 0.6 0
3002 -2.9974 0.6 0
3003 -2.9974 0.6 0
3004 -2.9974 0.6 0
3005 -2.9974 0.6 0
3006 -2.9974 0.6 0
3007 -2.9974 0.6 0
3008 -2.97155 0.6 0
3009 -2.97155 0.6 0
3010 -2.97155 0.6 0
3011 -2.97155 0.6 0
3012 -2.97155 0.6 0
3013 -2.97155 0.6 0
3014 -2.97155 0.6 0
3015 -2.97155 0.6 0
3016 -2.97155 0.6 0
3017 -2.98371 0.6 0
3018 -2.98371 0.6 0
3019 -2.98371 0.6 0
3020 -2.98371 0.6 0
3021 -2.98371 0.6 0
3022 -2.98371 0.6 0
3023 -2.98371 0.6 0
3024 -2.98371 0.6 0
3025 -2.98371 0.6 0
3026 -2.98646 0.6 0
3027 -2.98646 0.6 0
3028 -2.98646 0.6 0
3029 -2.98646 0.6 0
3030 -2.98646 0.6 0
3031 -2.98646 0.6 0
3032 -2.98646 0.6 0
3033 -2.98646 0.6 0
3034 -2.98646 0.6 0
3035 -2.99251 0.6 0
3036 -2.99251 0.6 0
3037 -2.99251 0.6 0
3038 -2.99251 0.6 0
3039 -2.99251 0.6 0
3040 -2.99251 0.6 0
3041 -2.99251 0.6 0
3042 -2.99251 0.6 0
3043 -2.99251 0.6 0
3044 -2.99285 0.6 0
3045 -2.99285 0.6 0
3046 -2.99285 0.6 0
3047 -2.99285 0.6 0
3048 -2.99285 0.6 0
3049 -2.99285 0.6 0
3050 -2.99285 0.6 0
3051 -2.99285 0.6 0
3052 -2.99285 0.6 0
3053 -2.97848 0.6 0
3054 -2.97848 0.6 0
3055 -2.97848 0.6 0
3056 -2.97848 0.6 0
3057 -2.97848 0.6 0
3058 -2.97848 0.6 0
3059 -2.97848 0.6 0
3060 -2.97848 0.6 0
3061 -2.97848 0.6 0
3062 -2.97888 0.6 0
3063 -2.97888 0.6 0
3064 -2.97888 0.6 0
3065 -2.97888 0.6 0
3066 -2.97888 0.6 0
3067 -2.97888 0.6 0
3068 -2.97888 0.6 0
3069 -2.97888 0.6 0
3070 -2.97888 0.6 0
3071 -2.9922 0.6 0
3072 -2.9922 0.6 0
3073 -2.9922 0.6 0
3074 -2.9922 0.6 0
3075 -2.9922 0.6 0
3076 -2.9922 0.6 0
3077 -2.9922 0.6 0
3078 -2.9922 0.6 0
3079 -2.9922 0.6 0
3080 -2.9922 0.6 0
3081 -2.99483 0.6 0
3082 -2.99483 0.6 0
3083 -2.99483 0.6 0
3084 -2.99483 0.6 0
3085 -2.99483 0.6 0
3086 -2.99483 0.6 0
3087 -2.99483 0.6 0
3088 -2.99483 0.6 0
3089 -2.99483 0.6 0
3090 -2.99483 0.6 0
3091 -2.99483 0.6 0
3092 -2.9785 0.6 0
3093 -2.9785 0.6 0
3094 -2.9785 0.6 0
3095 -2.9785 0.6 0
3096 -2.9785 0.6 0
3097 -2.9785 0.6 0
3098 -2.9785 0.6 0
3099 -2.9785 0.6 0
3100 -2.9785 0.6 0
3101 -2.9785 0.6 0
3102 -2.99095 0.6 0
3103 -2.99095 0.6 0
3104 -2.99095 0.6 0
3105 -2.99095 0.6 0
3106 -2.99095 0.6 0
3107 -2.99095 0.6 0
3108 -2.99095 0.6 0
3109 -2.99095 0.6 0
3110 -2.99095 0.6 0
3111 -2.99095 0.6 0
3112 -2.99543 0.6 0
3113 -2.99543 0.6 0
3114 -2.99543 0.6 0
3115 -2.99543 0.6 0
3116 -2.99543 0.6 0
3117 -2.99543 0.6 0
3118 -2.99543 0.6 0
3119 -2.99543 0.6 0
3120 -2.99543 0.6 0
3121 -2.99543 0.6 0
3122 -2.99543 0.6 0
3123 -2.99286 0.6 0
3124 -2.99286 0.6 0
3125 -2.99286 0.6 0
3126 -2.99286 0.6 0
3127 -2.99286 0.6 0
3128 -2.99286 0.6 0
3129 -2.99286 0.6 0
3130 -2.99286 0.6 0
3131 -2.99286 0.6 0
3132 -2.98795 0.6 0
3133 -2.98795 0.6 0
3134 -2.98795 0.6 0
3135 -2.98795 0.6 0
3136 -2.98795 0.6 0
3137 -2.98795 0.6 0
3138 -2.98795 0.6 0
3139 -2.98795 0.6 0
3140 -2.98795 0.6 0
3141 -2.99286 0.6 0
3142 -2.99286 0.6 0
3143 -2.99286 0.6 0
3144 -2.99286 0.6 0
3145 -2.99286 0.6 0
3146 -2.99286 0.6 0
3147 -2.99286 0.6 0
3148 -2.99286 0.6 0
3149 -2.99286 0.6 0
3150 -2.97547 0.6 0
3151 -2.97547 0.6 0
3152 -2.97547 0.6 0
3153 -2.97547 0.6 0
3154 -2.97547 0.6 0
3155 -2.97547 0.6 0
3156 -2.97547 0.6 0
3157 -2.97547 0.6 0
3158 -2.97547 0.6 0
3159 -2.97119 0.6 0
3160 -2.97119 0.6 0
3161 -2.97119 0.6 0
3162 -2.97119 0.6 0
3163 -2.97119 0.6 0
3164 -2.97119 0.6 0
3165 -2.97119 0.6 0
3166 -2.97119 0.6 0
3167 -2.97119 0.6 0
3168 -2.98959 0.6 0
3169 -2.98959 0.6 0
3170 -2.98959 0.6 0
3171 -2.98959 0.6 0
3172 -2.98959 0.6 0
3173 -2.98959 0.6 0
3174 -2.98959 0.6 0
3175 -2.98959 0.6 0
3176 -2.98182 0.6 0
3177 -2.98182 0.6 0
3178 -2.98182 0.6 0
3179 -2.98182 0.6 0
3180 -2.98182 0.6 0
3181 -2.98182 0.6 0
3182 -2.98182 0.6 0
3183 -2.98182 0.6 0
3184 -2.98182 0.6 0
3185 -2.99382 0.6 0
3186 -2.99382 0.6 0
3187 -2.99382 0.6 0
3188 -2.99382 0.6 0
3189 -2.99382 0.6 0
3190 -2.99382 0.6 0
3191 -2.99382 0.6 0
3192 -2.99382 0.6 0
3193 -2.99382 0.6 0
3194 -2.97933 0.6 0
3195 -2.97933 0.6 0
3196 -2.97933 0.6 0
3197 -2.97933 0.6 0
3198 -2.97933 0.6 0
3199 -2.97933 0.6 0
3200 -2.97933 0.6 0
3201 -2.97933 0.6 0
3202 -2.97933 0.6 0
3203 -2.98098 0.6 0
3204 -2.98098 0.6 0
3205 -2.98098 0.6 0
3206 -2.98098 0.6 0
3207 -2.98098 0.6 0
3208 -2.98098 0.6 0
3209 -2.98098 0.6 0
3210 -2.98098 0.6 0
3211 -2.99645 0.6 0
3212 -2.99645 0.6 0
3213 -2.99645 0.6 0
3214 -2.99645 0.6 0
3215 -2.99645 0.6 0
3216 -2.99645 0.6 0
3217 -2.99645 0.6 0
3218 -2.99645 0.6 0
3219 -2.99645 0.6 0
3220 -2.9609 0.6 0
3221 -2.9609 0.6 0
3222 -2.9609 0.6 0
3223 -2.9609 0.6 0
3224 -2.9609 0.6 0
3225 -2.9609 0.6 0
3226 -2.9609 0.6 0
3227 -2.9609 0.6 0
3228 -2.9609 0.6 0
3229 -2.97738 0.6 0
3230 -2.97738 0.6 0
3231 -2.97738 0.6 0
3232 -2.97738 0.6 0
3233 -2.97738 0.6 0
3234 -2.97738 0.6 0
3235 -2.97738 0.6 0
3236 -2.97738 0.6 0
3237 -2.97738 0.6 0
3238 -2.98427 0.6 0
3239 -2.98427 0.6 0
3240 -2.98427 0.6 0
3241 -2.98427 0.6 0
3242 -2.98427 0.6 0
3243 -2.98427 0.6 0
3244 -2.98427 0.6 0
3245 -2.98427 0.6 0
3246 -2.98427 0.6 0
3247 -2.99842 0.6 0
3248 -2.99842 0.6 0
3249 -2.99842 0.6 0
3250 -2.99842 0.6 0
3251 -2.99842 0.6 0
3252 -2.99842 0.6 0
3253 -2.99842 0.6 0
3254 -2.99842 0.6 0
3255 -2.99842 0.6 0
3256 -2.98496 0.6 0
3257 -2.98496 0.6 0
3258 -2.98496 0.6 0
3259 -2.98496 0.6 0
3260 -2.98496 0.6 0
3261 -2.98496 0.6 0
3262 -2.98496 0.6 0
3263 -2.98496 0.6 0
3264 -2.99345 0.6 0
3265 -2.99345 0.6 0
3266 -2.99345 0.6 0
3267 -2.99345 0.6 0
3268 -2.99345 0.6 0
3269 -2.99345 0.6 0
3270 -2.99345 0.6 0
3271 -2.99345 0.6 0
3272 -2.99345 0.6 0
3273 -2.96746 0.6 0
3274 -2.96746 0.6 0
3275 -2.99878 0.6 0
3276 -2.99878 0.6 0
3277 -2.99878 0.6 0
3278 -2.99878 0.6 0
3279 -2.99878 0.6 0
3280 -2.99878 0.6 0
3281 -2.99878 0.6 0
3282 -2.97154 0.6 0
3283 -2.98024 0.6 0
3284 -2.99248 0.6 0
3285 -2.99085 0.6 0
3286 -2.98568 0.6 0
3287 -2.98888 0.6 0
3288 -2.9983 0.6 0
3289 -2.97808 0.6 0
3290 -2.99594 0.6 0
3291 -2.97732 0.6 0
3292 -2.98029 0.6 0
3293 -2.98991 0.6 0
3294 -2.97384 0.6 0
3295 -2.98361 0.6 0
3296 -2.99063 0.6 0
3297 -2.98861 0.6 0
3298 -2.04043 0.6 0
3299 -0.998869 0.6 0
3300 -0.975391 0.6 0
3301 -0.982361 0.6 0
3302 -0.968484 0.6 0
3303 -0.997604 0.6 0
3304 -0.992576 0.6 0
3305 -0.989194 0.6 0
3306 -0.976392 0.6 0
3307 -0.996843 0.6 0
3308 -0.992659 0.6 0
3309 0.0239762 0.6 0
3310 0.0351352 0.6 0
3311 0.0111285 0.6 0
3312 0.0111285 0.6 0
3313 0.0111285 0.6 0
3314 0.0111285 0.6 0
3315 0.0111285 0.6 0
3316 0.0111285 0.6 0
3317 0.0111285 0.6 0
3318 0.0111285 0.6 0
3319 0.0111285 0.6 0
3320 0.0111285 0.6 0
3321 0.0111285 0.6 0
3322 -2.24318 0.6 0
3323 -2.97213 0.6 0
3324 -2.99519 0.6 0
3325 -2.9838 0.6 0
3326 -2.99142 0.6 0
3327 -2.98343 0.6 0
3328 -2.98352 0.6 0
3329 -2.9827 0.6 0
3330 -2.97415 0.6 0
3331 -2.97517 0.6 0
3332 -2.9783 0.6 0
3333 -2.98513 0.6 0
3334 -2.96816 0.6 0
3335 -2.99702 0.6 0
3336 -2.99848 0.6 0
3337 -2.9958 0.6 0
3338 -2.99558 0.6 0
3339 -2.98444 0.6 0
3340 -2.98906 0.6 0
3341 -2.99605 0.6 0
3342 -2.9542 0.6 0
3343 -2.98941 0.6 0
3344 -2.99505 0.6 0
3345 -2.98298 0.6 0
3346 -2.99457 0.6 0
3347 -2.99545 0.6 0
3348 -2.98499 0.6 0
3349 -2.98468 0.6 0
3350 -2.99848 0.6 0
3351 -2.97866 0.6 0
3352 -2.99724 0.6 0
3353 -2.97939 0.6 0
3354 -2.98838 0.6 0
3355 -2.97305 0.6 0
3356 -2.98072 0.6 0
3357 -2.99919 0.6 0
3358 -2.97625 0.6 0
3359 -2.99341 0.6 0
3360 -2.97664 0.6 0
3361 -2.99552 0.6 0
3362 -2.98345 0.6 0
3363 -2.99813 0.6 0
3364 -2.99222 0.6 0
3365 -2.99106 0.6 0
3366 -2.9952 0.6 0
3367 -2.06043 0.6 0
3368 -0.993956 0.6 0
3369 -0.995408 0.6 0
3370 -0.959672 0.6 0
3371 -0.990129 0.6 0
3372 -0.988387 0.6 0
3373 -0.99171 0.6 0
3374 -0.992445 0.6 0
3375 -0.998689 0.6 0
3376 -0.989825 0.6 0
3377 -0.989683 0.6 0
3378 0.0126086 0.6 0
3379 0.0120899 0.6 0
3380 0.0414326 0.6 0
3381 0.0414326 0.6 0
3382 0.0414326 0.6 0
3383 0.0414326 0.6 0
3384 0.0414326 0.6 0
3385 0.0414326 0.6 0
3386 0.0414326 0.6 0
3387 0.0414326 0.6 0
3388 -2.2447 0.6 0
3389 -2.98058 0.6 0
3390 -2.99244 0.6 0
3391 -2.98406 0.6 0
3392 -2.9912 0.6 0
3393 -2.99781 0.6 0
3394 -2.95948 0.6 0
3395 -2.98606 0.6 0
3396 -2.97711 0.6 0
3397 -2.98824 0.6 0
3398 -2.981 0.6 0
3399 -2.99794 0.6 0
3400 -2.99278 0.6 0
3401 -2.98406 0.6 0
3402 -2.97664 0.6 0
3403 -2.99389 0.6 0
3404 -2.99209 0.6 0
3405 -2.97731 0.6 0
3406 -2.9829 0.6 0
3407 -2.99033 0.6 0
3408 -2.96388 0.6 0
3409 -2.97502 0.6 0
3410 -2.99265 0.6 0
3411 -2.99167 0.6 0
3412 -2.99783 0.6 0
3413 -2.99483 0.6 0
3414 -2.99897 0.6 0
3415 -2.99653 0.6 0
3416 -2.99583 0.6 0
3417 -2.04785 0.6 0
3418 -0.992748 0.6 0
3419 -0.999422 0.6 0
3420 -0.995005 0.6 0
3421 -0.989715 0.6 0
3422 -0.976291 0.6 0
3423 -0.981022 0.6 0
3424 -0.971376 0.6 0
3425 -0.998956 0.6 0
3426 -0.994368 0.6 0
3427 -0.982459 0.6 0
3428 0.0280195 0.6 0
3429 0.0151149 0.6 0
3430 -2.1309 0.6 0
3431 -2.98471 0.6 0
3432 -2.99211 0.6 0
3433 -2.99344 0.6 0
3434 -2.98475 0.6 0
3435 -2.98946 0.6 0
3436 -2.99872 0.6 0
3437 -2.99582 0.6 0
3438 -2.97674 0.6 0
3439 -2.98747 0.6 0
3440 -2.98124 0.6 0
3441 -2.9726 0.6 0
3442 -2.99045 0.6 0
3443 -2.99739 0.6 0
3444 -2.99739 0.6 0
3445 -2.99739 0.6 0
3446 -2.99739 0.6 0
3447 -2.99739 0.6 0
3448 -2.99739 0.6 0
3449 -2.99739 0.6 0
3450 -2.99739 0.6 0
3451 -2.98672 0.6 0
3452 -2.98672 0.6 0
3453 -2.98672 0.6 0
3454 -2.98672 0.6 0
3455 -2.98672 0.6 0
3456 -2.98672 0.6 0
3457 -2.98672 0.6 0
3458 -2.98672 0.6 0
3459 -2.98672 0.6 0
3460 -2.98865 0.6 0
3461 -2.98865 0.6 0
3462 -2.98865 0.6 0
3463 -2.98865 0.6 0
3464 -2.98865 0.6 0
3465 -2.98865 0.6 0
3466 -2.98865 0.6 0
3467 -2.98865 0.6 0
3468 -2.98865 0.6 0
3469 -2.98153 0.6 0
3470 -2.98153 0.6 0
3471 -2.98153 0.6 0
3472 -2.98153 0.6 0
3473 -2.98153 0.6 0
3474 -2.98153 0.6 0
3475 -2.98153 0.6 0
3476 -2.98153 0.6 0
3477 -2.99021 0.6 0
3478 -2.99021 0.6 0
3479 -2.99021 0.6 0
3480 -2.99021 0.6 0
3481 -2.99021 0.6 0
3482 -2.99021 0.6 0
3483 -2.99021 0.6 0
3484 -2.99021 0.6 0
3485 -2.99021 0.6 0
3486 -2.99978 0.6 0
3487 -2.99978 0.6 0
3488 -2.99978 0.6 0
3489 -2.99978 0.6 0
3490 -2.99978 0.6 0
3491 -2.99978 0.6 0
3492 -2.99978 0.6 0
3493 -2.99978 0.6 0
3494 -2.99978 0.6 0
3495 -2.9898 0.6 0
3496 -2.9898 0.6 0
3497 -2.9898 0.6 0
3498 -2.9898 0.6 0
3499 -2.9898 0.6 0
3500 -2.9898 0.6 0
3501 -2.9898 0.6 0
3502 -2.9898 0.6 0
3503 -2.9898 0.6 0
3504 -2.9947 0.6 0
3505 -2.9947 0.6 0
3506 -2.9947 0.6 0
3507 -2.9947 0.6 0
3508 -2.9947 0.6 0
3509 -2.9947 0.6 0
3510 -2.9947 0.6 0
3511 -2.9947 0.6 0
3512 -2.9947 0.6 0
3513 -2.98813 0.6 0
3514 -2.98813 0.6 0
3515 -2.98813 0.6 0
3516 -2.98813 0.6 0
3517 -2.98813 0.6 0
3518 -2.98813 0.6 0
3519 -2.98813 0.6 0
3520 -2.98813 0.6 0
3521 -2.98813 0.6 0
3522 -2.99155 0.6 0
3523 -2.99155 0.6 0
3524 -2.99155 0.6 0
3525 -2.99155 0.6 0
3526 -2.99155 0.6 0
3527 -2.99155 0.6 0
3528 -2.99155 0.6 0
3529 -2.99155 0.6 0
3530 -2.98478 0.6 0
3531 -2.98478 0.6 0
3532 -2.98478 0.6 0
3533 -2.98478 0.6 0
3534 -2.98478 0.6 0
3535 -2.98478 0.6 0
3536 -2.98478 0.6 0
3537 -2.98478 0.6 0
3538 -2.98478 0.6 0
3539 -2.99091 0.6 0
3540 -2.99091 0.6 0
3541 -2.99091 0.6 0
3542 -2.99091 0.6 0
3543 -2.99091 0.6 0
3544 -2.99091 0.6 0
3545 -2.99091 0.6 0
3546 -2.99091 0.6 0
3547 -2.99091 0.6 0
3548 -2.96674 0.6 0
3549 -2.96674 0.6 0
3550 -2.96674 0.6 0
3551 -2.96674 0.6 0
3552 -2.96674 0.6 0
3553 -2.96674 0.6 0
3554 -2.96674 0.6 0
3555 -2.96674 0.6 0
3556 -2.96674 0.6 0
3557 -2.99632 0.6 0
3558 -2.99632 0.6 0
3559 -2.99632 0.6 0
3560 -2.99632 0.6 0
3561 -2.99632 0.6 0
3562 -2.99632 0.6 0
3563 -2.99632 0.6 0
3564 -2.99632 0.6 0
3565 -2.99632 0.6 0
3566 -2.97899 0.6 0
3567 -2.97899 0.6 0
3568 -2.97899 0.6 0
3569 -2.97899 0.6 0
3570 -2.97899 0.6 0
3571 -2.97899 0.6 0
3572 -2.97899 0.6 0
3573 -2.97899 0.6 0
3574 -2.97899 0.6 0
3575 -2.99667 0.6 0
3576 -2.99667 0.6 0
3577 -2.99667 0.6 0
3578 -2.99667 0.6 0
3579 -2.99667 0.6 0
3580 -2.99667 0.6 0
3581 -2.99667 0.6 0
3582 -2.99667 0.6 0
3583 -2.99667 0.6 0
3584 -2.98613 0.6 0
3585 -2.98613 0.6 0
3586 -2.98613 0.6 0
3587 -2.98613 0.6 0
3588 -2.98613 0.6 0
3589 -2.98613 0.6 0
3590 -2.98613 0.6 0
3591 -2.98613 0.6 0
3592 -2.98613 0.6 0
3593 -2.98613 0.6 0
3594 -2.97999 0.6 0
3595 -2.97999 0.6 0
3596 -2.97999 0.6 0
3597 -2.97999 0.6 0
3598 -2.97999 0.6 0
3599 -2.97999 0.6 0
3600 -2.97999 0.6 0
3601 -2.97999 0.6 0
3602 -2.97999 0.6 0
3603 -2.97999 0.6 0
3604 -2.97999 0.6 0
3605 -2.97999 0.6 0
3606 -2.99642 0.6 0
3607 -2.99642 0.6 0
3608 -2.99642 0.6 0
3609 -2.99642 0.6 0
3610 -2.99642 0.6 0
3611 -2.99642 0.6 0
3612 -2.99642 0.6 0
3613 -2.99642 0.6 0
3614 -2.99642 0.6 0
3615 -2.99178 0.6 0
3616 -2.99178 0.6 0
3617 -2.99178 0.6 0
3618 -2.99178 0.6 0
3619 -2.99178 0.6 0
3620 -2.99178 0.6 0
3621 -2.99178 0.6 0
3622 -2.99178 0.6 0
3623 -2.99178 0.6 0
3624 -2.97657 0.6 0
3625 -2.97657 0.6 0
3626 -2.97657 0.6 0
3627 -2.97657 0.6 0
3628 -2.97657 0.6 0
3629 -2.97657 0.6 0
3630 -2.97657 0.6 0
3631 -2.97657 0.6 0
3632 -2.97657 0.6 0
3633 -2.99659 0.6 0
3634 -2.99659 0.6 0
3635 -2.99659 0.6 0
3636 -2.99659 0.6 0
3637 -2.99659 0.6 0
3638 -2.99659 0.6 0
3639 -2.99659 0.6 0
3640 -2.99659 0.6 0
3641 -2.99659 0.6 0
3642 -2.98644 0.6 0
3643 -2.98644 0.6 0
3644 -2.98644 0.6 0
3645 -2.98644 0.6 0
3646 -2.98644 0.6 0
3647 -2.98644 0.6 0
3648 -2.98644 0.6 0
3649 -2.98644 0.6 0
3650 -2.98644 0.6 0
3651 -2.97671 0.6 0
3652 -2.97671 0.6 0
3653 -2.97671 0.6 0
3654 -2.97671 0.6 0
3655 -2.97671 0.6 0
3656 -2.97671 0.6 0
3657 -2.97671 0.6 0
3658 -2.97671 0.6 0
3659 -2.97671 0.6 0
3660 -2.99482 0.6 0
3661 -2.99482 0.6 0
3662 -2.99482 0.6 0
3663 -2.99482 0.6 0
3664 -2.99482 0.6 0
3665 -2.99482 0.6 0
3666 -2.99482 0.6 0
3667 -2.99482 0.6 0
3668 -2.99482 0.6 0
3669 -2.99482 0.6 0
3670 -2.99702 0.6 0
3671 -2.99702 0.6 0
3672 -2.99702 0.6 0
3673 -2.99702 0.6 0
3674 -2.99702 0.6 0
3675 -2.99702 0.6 0
3676 -2.99702 0.6 0
3677 -2.99702 0.6 0
3678 -2.99702 0.6 0
3679 -2.99702 0.6 0
3680 -2.99702 0.6 0
3681 -2.98581 0.6 0
3682 -2.98581 0.6 0
3683 -2.98581 0.6 0
3684 -2.98581 0.6 0
3685 -2.98581 0.6 0
3686 -2.98581 0.6 0
3687 -2.98581 0.6 0
3688 -2.98581 0.6 0
3689 -2.98581 0.6 0
3690 -2.98581 0.6 0
3691 -2.98581 0.6 0
3692 -2.97231 0.6 0
3693 -2.97231 0.6 0
3694 -2.97231 0.6 0
3695 -2.97231 0.6 0
3696 -2.97231 0.6 0
3697 -2.97231 0.6 0
3698 -2.97231 0.6 0
3699 -2.97231 0.6 0
3700 -2.97231 0.6 0
3701 -2.98846 0.6 0
3702 -2.98846 0.6 0
3703 -2.98846 0.6 0
3704 -2.98846 0.6 0
3705 -2.98846 0.6 0
3706 -2.98846 0.6 0
3707 -2.98846 0.6 0
3708 -2.98846 0.6 0
3709 -2.98741 0.6 0
3710 -2.98741 0.6 0
3711 -2.98741 0.6 0
3712 -2.98741 0.6 0
3713 -2.98741 0.6 0
3714 -2.98741 0.6 0
3715 -2.98741 0.6 0
3716 -2.98741 0.6 0
3717 -2.98741 0.6 0
3718 -2.99455 0.6 0
3719 -2.99455 0.6 0
3720 -2.99455 0.6 0
3721 -2.99455 0.6 0
3722 -2.99455 0.6 0
3723 -2.99455 0.6 0
3724 -2.99455 0.6 0
3725 -2.99455 0.6 0
3726 -2.99455 0.6 0
3727 -2.98777 0.6 0
3728 -2.98777 0.6 0
3729 -2.98777 0.6 0
3730 -2.98777 0.6 0
3731 -2.98777 0.6 0
3732 -2.98777 0.6 0
3733 -2.98777 0.6 0
3734 -2.98777 0.6 0
3735 -2.98777 0.6 0
3736 -2.98432 0.6 0
3737 -2.98432 0.6 0
3738 -2.98432 0.6 0
3739 -2.98432 0.6 0
3740 -2.98432 0.6 0
3741 -2.98432 0.6 0
3742 -2.98432 0.6 0
3743 -2.98432 0.6 0
3744 -2.98432 0.6 0
3745 -2.99773 0.6 0
3746 -2.99773 0.6 0
3747 -2.99773 0.6 0
3748 -2.99773 0.6 0
3749 -2.99773 0.6 0
3750 -2.99773 0.6 0
3751 -2.99773 0.6 0
3752 -2.99773 0.6 0
3753 -2.97571 0.6 0
3754 -2.97571 0.6 0
3755 -2.97571 0.6 0
3756 -2.97571 0.6 0
3757 -2.97571 0.6 0
3758 -2.97571 0.6 0
3759 -2.97571 0.6 0
3760 -2.97571 0.6 0
3761 -2.97571 0.6 0
3762 -2.97571 0.6 0
3763 -2.98712 0.6 0
3764 -2.98712 0.6 0
3765 -2.98712 0.6 0
3766 -2.98712 0.6 0
3767 -2.98712 0.6 0
3768 -2.98712 0.6 0
3769 -2.98712 0.6 0
3770 -2.98712 0.6 0
3771 -2.98712 0.6 0
3772 -2.98712 0.6 0
3773 -2.98712 0.6 0
3774 -2.98283 0.6 0
3775 -2.98283 0.6 0
3776 -2.98283 0.6 0
3777 -2.98283 0.6 0
3778 -2.98283 0.6 0
3779 -2.98283 0.6 0
3780 -2.98283 0.6 0
3781 -2.98283 0.6 0
3782 -2.97903 0.6 0
3783 -2.97903 0.6 0
3784 -2.97903 0.6 0
3785 -2.97903 0.6 0
3786 -2.97903 0.6 0
3787 -2.97903 0.6 0
3788 -2.97903 0.6 0
3789 -2.97903 0.6 0
3790 -2.97903 0.6 0
3791 -2.982 0.6 0
3792 -2.982 0.6 0
3793 -2.982 0.6 0
3794 -2.982 0.6 0
3795 -2.982 0.6 0
3796 -2.982 0.6 0
3797 -2.982 0.6 0
3798 -2.982 0.6 0
3799 -2.982 0.6 0
3800 -2.98728 0.6 0
3801 -2.98728 0.6 0
3802 -2.98728 0.6 0
3803 -2.98728 0.6 0
3804 -2.98728 0.6 0
3805 -2.98728 0.6 0
3806 -2.98728 0.6 0
3807 -2.98728 0.6 0
3808 -2.98728 0.6 0
3809 -2.98229 0.6 0
3810 -2.98229 0.6 0
3811 -2.98229 0.6 0
3812 -2.98229 0.6 0
3813 -2.98229 0.6 0
3814 -2.98229 0.6 0
3815 -2.98229 0.6 0
3816 -2.98229 0.6 0
3817 -2.98229 0.6 0
3818 -2.99115 0.6 0
3819 -2.99115 0.6 0
3820 -2.99115 0.6 0
3821 -2.99115 0.6 0
3822 -2.99115 0.6 0
3823 -2.99115 0.6 0
3824 -2.99115 0.6 0
3825 -2.99115 0.6 0
3826 -2.98337 0.6 0
3827 -2.98337 0.6 0
3828 -2.98337 0.6 0
3829 -2.98337 0.6 0
3830 -2.98337 0.6 0
3831 -2.98337 0.6 0
3832 -2.98337 0.6 0
3833 -2.98337 0.6 0
3834 -2.98337 0.6 0
3835 -2.98986 0.6 0
3836 -2.98986 0.6 0
3837 -2.98986 0.6 0
3838 -2.98986 0.6 0
3839 -2.98986 0.6 0
3840 -2.98986 0.6 0
3841 -2.98986 0.6 0
3842 -2.98986 0.6 0
3843 -2.98986 0.6 0
3844 -2.99531 0.6 0
3845 -2.99531 0.6 0
3846 -2.99531 0.6 0
3847 -2.99531 0.6 0
3848 -2.99531 0.6 0
3849 -2.99531 0.6 0
3850 -2.99531 0.6 0
3851 -2.99531 0.6 0
3852 -2.99531 0.6 0
3853 -2.98714 0.6 0
3854 -2.98714 0.6 0
3855 -2.98714 0.6 0
3856 -2.98714 0.6 0
3857 -2.98714 0.6 0
3858 -2.98714 0.6 0
3859 -2.98714 0.6 0
3860 -2.98714 0.6 0
3861 -2.98714 0.6 0
3862 -2.97504 0.6 0
3863 -2.97504 0.6 0
3864 -2.97504 0.6 0
3865 -2.97504 0.6 0
3866 -2.97504 0.6 0
3867 -2.97504 0.6 0
3868 -2.97504 0.6 0
3869 -2.97504 0.6 0
3870 -2.99908 0.6 0
3871 -2.99908 0.6 0
3872 -2.99908 0.6 0
3873 -2.99908 0.6 0
3874 -2.99908 0.6 0
3875 -2.99908 0.6 0
3876 -2.99908 0.6 0
3877 -2.99908 0.6 0
3878 -2.99908 0.6 0
3879 -2.99908 0.6 0
3880 -2.98887 0.6 0
3881 -2.98887 0.6 0
3882 -2.98887 0.6 0
3883 -2.98887 0.6 0
3884 -2.98887 0.6 0
3885 -2.98887 0.6 0
3886 -2.98887 0.6 0
3887 -2.98887 0.6 0
3888 -2.98887 0.6 0
3889 -2.96496 0.6 0
3890 -2.96496 0.6 0
3891 -2.96496 0.6 0
3892 -2.96496 0.6 0
3893 -2.96496 0.6 0
3894 -2.96496 0.6 0
3895 -2.96496 0.6 0
3896 -2.96496 0.6 0
3897 -2.96496 0.6 0
3898 -2.99708 0.6 0
3899 -2.99708 0.6 0
3900 -2.99708 0.6 0
3901 -2.99708 0.6 0
3902 -2.99708 0.6 0
3903 -2.99708 0.6 0
3904 -2.99708 0.6 0
3905 -2.99708 0.6 0
3906 -2.99708 0.6 0
3907 -2.9956 0.6 0
3908 -2.9956 0.6 0
3909 -2.9956 0.6 0
3910 -2.9956 0.6 0
3911 -2.9956 0.6 0
3912 -2.9956 0.6 0
3913 -2.9956 0.6 0
3914 -2.9956 0.6 0
3915 -2.9956 0.6 0
3916 -2.99796 0.6 0
3917 -2.99796 0.6 0
3918 -2.99796 0.6 0
3919 -2.99796 0.6 0
3920 -2.99796 0.6 0
3921 -2.99796 0.6 0
3922 -2.99796 0.6 0
3923 -2.99796 0.6 0
3924 -2.99796 0.6 0
3925 -2.99185 0.6 0
3926 -2.99185 0.6 0
3927 -2.99185 0.6 0
3928 -2.99185 0.6 0
3929 -2.99185 0.6 0
3930 -2.99185 0.6 0
3931 -2.99185 0.6 0
3932 -2.99185 0.6 0
3933 -2.99185 0.6 0
3934 -2.9798 0.6 0
3935 -2.9798 0.6 0
3936 -2.9798 0.6 0
3937 -2.9798 0.6 0
3938 -2.9798 0.6 0
3939 -2.9798 0.6 0
3940 -2.9798 0.6 0
3941 -2.9798 0.6 0
3942 -2.9798 0.6 0
3943 -2.98519 0.6 0
3944 -2.98519 0.6 0
3945 -2.98519 0.6 0
3946 -2.98519 0.6 0
3947 -2.98519 0.6 0
3948 -2.98519 0.6 0
3949 -2.98519 0.6 0
3950 -2.98519 0.6 0
3951 -2.98519 0.6 0
3952 -2.98519 0.6 0
3953 -2.98829 0.6 0
3954 -2.98829 0.6 0
3955 -2.98829 0.6 0
3956 -2.98829 0.6 0
3957 -2.98829 0.6 0
3958 -2.98829 0.6 0
3959 -2.98829 0.6 0
3960 -2.98829 0.6 0
3961 -2.97867 0.6 0
3962 -2.97867 0.6 0
3963 -2.97867 0.6 0
3964 -2.97867 0.6 0
3965 -2.97867 0.6 0
3966 -2.97867 0.6 0
3967 -2.97867 0.6 0
3968 -2.97867 0.6 0
3969 -2.97867 0.6 0
3970 -2.97867 0.6 0
3971 -2.98485 0.6 0
3972 -2.98485 0.6 0
3973 -2.98485 0.6 0
3974 -2.98485 0.6 0
3975 -2.98485 0.6 0
3976 -2.98485 0.6 0
3977 -2.98485 0.6 0
3978 -2.98485 0.6 0
3979 -2.98485 0.6 0
3980 -2.97096 0.6 0
3981 -2.97096 0.6 0
3982 -2.97096 0.6 0
3983 -2.97096 0.6 0
3984 -2.97096 0.6 0
3985 -2.97096 0.6 0
3986 -2.97096 0.6 0
3987 -2.97096 0.6 0
3988 -2.97096 0.6 0
3989 -2.98562 0.6 0
3990 -2.98562 0.6 0
3991 -2.98562 0.6 0
3992 -2.98562 0.6 0
3993 -2.98562 0.6 0
3994 -2.98562 0.6 0
3995 -2.98562 0.6 0
3996 -2.98562 0.6 0
3997 -2.98562 0.6 0
3998 -2.99929 0.6 0
3999 -2.99929 0.6 0
4000 -2.99929 0.6 0
4001 -2.99929 0.6 0
4002 -2.99929 0.6 0
4003 -2.99929 0.6 0
4004 -2.99929 0.6 0
4005 -2.99929 0.6 0
4006 -2.98523 0.6 0
4007 -2.98523 0.6 0
4008 -2.98523 0.6 0
4009 -2.98523 0.6 0
4010 -2.98523 0.6 0
4011 -2.98523 0.6 0
4012 -2.98523 0.6 0
4013 -2.98523 0.6 0
4014 -2.98523 0.6 0
4015 -2.99608 0.6 0
4016 -2.99608 0.6 0
4017 -2.99608 0.6 0
4018 -2.99608 0.6 0
4019 -2.99608 0.6 0
4020 -2.99608 0.6 0
4021 -2.99608 0.6 0
4022 -2.99608 0.6 0
4023 -2.99608 0.6 0
4024 -2.97052 0.6 0
4025 -2.97052 0.6 0
4026 -2.97052 0.6 0
4027 -2.97052 0.6 0
4028 -2.97052 0.6 0
4029 -2.97052 0.6 0
4030 -2.97052 0.6 0
4031 -2.97052 0.6 0
4032 -2.97052 0.6 0
4033 -2.99145 0.6 0
4034 -2.99145 0.6 0
4035 -2.99145 0.6 0
4036 -2.99145 0.6 0
4037 -2.99145 0.6 0
4038 -2.99145 0.6 0
4039 -2.99145 0.6 0
4040 -2.99145 0.6 0
4041 -2.99145 0.6 0
4042 -2.9927 0.6 0
4043 -2.9927 0.6 0
4044 -2.9927 0.6 0
4045 -2.9927 0.6 0
4046 -2.9927 0.6 0
4047 -2.9927 0.6 0
4048 -2.9927 0.6 0
4049 -2.9927 0.6 0
4050 -2.96294 0.6 0
4051 -2.96294 0.6 0
4052 -2.96294 0.6 0
4053 -2.96294 0.6 0
4054 -2.96294 0.6 0
4055 -2.96294 0.6 0
4056 -2.96294 0.6 0
4057 -2.96294 0.6 0
4058 -2.96294 0.6 0
4059 -2.99084 0.6 0
4060 -2.99084 0.6 0
4061 -2.99084 0.6 0
4062 -2.99084 0.6 0
4063 -2.99084 0.6 0
4064 -2.99084 0.6 0
4065 -2.99084 0.6 0
4066 -2.99084 0.6 0
4067 -2.99084 0.6 0
4068 -2.99933 0.6 0
4069 -2.99933 0.6 0
4070 -2.99933 0.6 0
4071 -2.99933 0.6 0
4072 -2.99933 0.6 0
4073 -2.99933 0.6 0
4074 -2.99933 0.6 0
4075 -2.99933 0.6 0
4076 -2.99933 0.6 0
4077 -2.9869 0.6 0
4078 -2.9869 0.6 0
4079 -2.9869 0.6 0
4080 -2.9869 0.6 0
4081 -2.9869 0.6 0
4082 -2.9869 0.6 0
4083 -2.9869 0.6 0
4084 -2.9869 0.6 0
4085 -2.99479 0.6 0
4086 -2.99479 0.6 0
4087 -2.99479 0.6 0
4088 -2.99479 0.6 0
4089 -2.99479 0.6 0
4090 -2.99479 0.6 0
4091 -2.99479 0.6 0
4092 -2.99479 0.6 0
4093 -2.99479 0.6 0
4094 -2.98813 0.6 0
4095 -2.98813 0.6 0
4096 -2.98813 0.6 0
4097 -2.98813 0.6 0
4098 -2.98813 0.6 0
4099 -2.98813 0.6 0
4100 -2.98813 0.6 0
4101 -2.98813 0.6 0
4102 -2.98813 0.6 0
4103 -2.99123 0.6 0
4104 -2.99123 0.6 0
4105 -2.99123 0.6 0
4106 -2.99123 0.6 0
4107 -2.99123 0.6 0
4108 -2.99123 0.6 0
4109 -2.99123 0.6 0
4110 -2.99123 0.6 0
4111 -2.99123 0.6 0
4112 -2.99255 0.6 0
4113 -2.99255 0.6 0
4114 -2.99255 0.6 0
4115 -2.99255 0.6 0
4116 -2.99255 0.6 0
4117 -2.99255 0.6 0
4118 -2.99255 0.6 0
4119 -2.99255 0.6 0
4120 -2.99255 0.6 0
4121 -2.99359 0.6 0
4122 -2.99359 0.6 0
4123 -2.99359 0.6 0
4124 -2.99359 0.6 0
4125 -2.99359 0.6 0
4126 -2.99359 0.6 0
4127 -2.99359 0.6 0
4128 -2.99359 0.6 0
4129 -2.98434 0.6 0
4130 -2.98434 0.6 0
4131 -2.98434 0.6 0
4132 -2.98434 0.6 0
4133 -2.98434 0.6 0
4134 -2.98434 0.6 0
4135 -2.98434 0.6 0
4136 -2.98434 0.6 0
4137 -2.98434 0.6 0
4138 -2.99507 0.6 0
4139 -2.99507 0.6 0
4140 -2.99507 0.6 0
4141 -2.99507 0.6 0
4142 -2.99507 0.6 0
4143 -2.99507 0.6 0
4144 -2.99507 0.6 0
4145 -2.99507 0.6 0
4146 -2.99507 0.6 0
4147 -2.99224 0.6 0
4148 -2.99224 0.6 0
4149 -2.99224 0.6 0
4150 -2.99224 0.6 0
4151 -2.99224 0.6 0
4152 -2.99224 0.6 0
4153 -2.99224 0.6 0
4154 -2.99224 0.6 0
4155 -2.98976 0.6 0
4156 -2.98976 0.6 0
4157 -2.98976 0.6 0
4158 -2.98976 0.6 0
4159 -2.98976 0.6 0
4160 -2.98976 0.6 0
4161 -2.98976 0.6 0
4162 -2.98976 0.6 0
4163 -2.98976 0.6 0
4164 -2.97108 0.6 0
4165 -2.97108 0.6 0
4166 -2.97108 0.6 0
4167 -2.97108 0.6 0
4168 -2.97108 0.6 0
4169 -2.97108 0.6 0
4170 -2.97108 0.6 0
4171 -2.97108 0.6 0
4172 -2.97108 0.6 0
4173 -2.9983 0.6 0
4174 -2.9983 0.6 0
4175 -2.9983 0.6 0
4176 -2.9983 0.6 0
4177 -2.9983 0.6 0
4178 -2.9983 0.6 0
4179 -2.9983 0.6 0
4180 -2.9983 0.6 0
4181 -2.9983 0.6 0
4182 -2.99825 0.6 0
4183 -2.99825 0.6 0
4184 -2.99825 0.6 0
4185 -2.99825 0.6 0
4186 -2.99825 0.6 0
4187 -2.99825 0.6 0
4188 -2.99825 0.6 0
4189 -2.99825 0.6 0
4190 -2.99825 0.6 0
4191 -2.99776 0.6 0
4192 -2.99776 0.6 0
4193 -2.99776 0.6 0
4194 -2.99776 0.6 0
4195 -2.99776 0.6 0
4196 -2.99776 0.6 0
4197 -2.99776 0.6 0
4198 -2.99776 0.6 0
4199 -2.99596 0.6 0
4200 -2.99596 0.6 0
4201 -2.99596 0.6 0
4202 -2.99596 0.6 0
4203 -2.99596 0.6 0
4204 -2.99596 0.6 0
4205 -2.99596 0.6 0
4206 -2.99596 0.6 0
4207 -2.99596 0.6 0
4208 -2.99147 0.6 0
4209 -2.99147 0.6 0
4210 -2.99147 0.6 0
4211 -2.99147 0.6 0
4212 -2.99147 0.6 0
4213 -2.99147 0.6 0
4214 -2.99147 0.6 0
4215 -2.99147 0.6 0
4216 -2.99147 0.6 0
4217 -2.98777 0.6 0
4218 -2.98777 0.6 0
4219 -2.98777 0.6 0
4220 -2.98777 0.6 0
4221 -2.98777 0.6 0
4222 -2.98777 0.6 0
4223 -2.98777 0.6 0
4224 -2.98777 0.6 0
4225 -2.98777 0.6 0
4226 -2.9903 0.6 0
4227 -2.9903 0.6 0
4228 -2.9903 0.6 0
4229 -2.9903 0.6 0
4230 -2.9903 0.6 0
4231 -2.9903 0.6 0
4232 -2.9903 0.6 0
4233 -2.9903 0.6 0
4234 -2.9903 0.6 0
4235 -2.98876 0.6 0
4236 -2.98876 0.6 0
4237 -2.98876 0.6 0
4238 -2.98876 0.6 0
4239 -2.98876 0.6 0
4240 -2.98876 0.6 0
4241 -2.98876 0.6 0
4242 -2.98876 0.6 0
4243 -2.98876 0.6 0
4244 -2.9954 0.6 0
4245 -2.9954 0.6 0
4246 -2.9954 0.6 0
4247 -2.9954 0.6 0
4248 -2.9954 0.6 0
4249 -2.9954 0.6 0
4250 -2.9954 0.6 0
4251 -2.9954 0.6 0
4252 -2.9954 0.6 0
4253 -2.98803 0.6 0
4254 -2.98803 0.6 0
4255 -2.98803 0.6 0
4256 -2.98803 0.6 0
4257 -2.98803 0.6 0
4258 -2.98803 0.6 0
4259 -2.98803 0.6 0
4260 -2.98803 0.6 0
4261 -2.98803 0.6 0
4262 -2.98803 0.6 0
4263 -2.98803 0.6 0
4264 -2.99046 0.6 0
4265 -2.99046 0.6 0
4266 -2.99046 0.6 0
4267 -2.99046 0.6 0
4268 -2.99046 0.6 0
4269 -2.99046 0.6 0
4270 -2.99046 0.6 0
4271 -2.99046 0.6 0
4272 -2.99046 0.6 0
4273 -2.99046 0.6 0
4274 -2.99046 0.6 0
4275 -2.99627 0.6 0
4276 -2.99627 0.6 0
4277 -2.99627 0.6 0
4278 -2.99627 0.6 0
4279 -2.99627 0.6 0
4280 -2.99627 0.6 0
4281 -2.99627 0.6 0
4282 -2.99627 0.6 0
4283 -2.99627 0.6 0
4284 -2.98817 0.6 0
4285 -2.98817 0.6 0
4286 -2.98817 0.6 0
4287 -2.98817 0.6 0
4288 -2.98817 0.6 0
4289 -2.98817 0.6 0
4290 -2.98817 0.6 0
4291 -2.98817 0.6 0
4292 -2.98817 0.6 0
4293 -2.98937 0.6 0
4294 -2.98937 0.6 0
4295 -2.98937 0.6 0
4296 -2.98937 0.6 0
4297 -2.98937 0.6 0
4298 -2.98937 0.6 0
4299 -2.98937 0.6 0
4300 -2.98937 0.6 0
4301 -2.98937 0.6 0
4302 -2.98937 0.6 0
4303 -2.99465 0.6 0
4304 -2.99465 0.6 0
4305 -2.99465 0.6 0
4306 -2.99465 0.6 0
4307 -2.99465 0.6 0
4308 -2.99465 0.6 0
4309 -2.99465 0.6 0
4310 -2.99465 0.6 0
4311 -2.99465 0.6 0
4312 -2.98979 0.6 0
4313 -2.98979 0.6 0
4314 -2.98979 0.6 0
4315 -2.98979 0.6 0
4316 -2.98979 0.6 0
4317 -2.98979 0.6 0
4318 -2.98979 0.6 0
4319 -2.98979 0.6 0
4320 -2.98979 0.6 0
4321 -2.97869 0.6 0
4322 -2.97869 0.6 0
4323 -2.97869 0.6 0
4324 -2.97869 0.6 0
4325 -2.97869 0.6 0
4326 -2.97869 0.6 0
4327 -2.97869 0.6 0
4328 -2.97869 0.6 0
4329 -2.97869 0.6 0
4330 -2.98499 0.6 0
4331 -2.98499 0.6 0
4332 -2.98499 0.6 0
4333 -2.98499 0.6 0
4334 -2.98499 0.6 0
4335 -2.98499 0.6 0
4336 -2.98499 0.6 0
4337 -2.98499 0.6 0
4338 -2.98499 0.6 0
4339 -2.98499 0.6 0
4340 -2.9806 0.6 0
4341 -2.9806 0.6 0
4342 -2.9806 0.6 0
4343 -2.9806 0.6 0
4344 -2.9806 0.6 0
4345 -2.9806 0.6 0
4346 -2.9806 0.6 0
4347 -2.9806 0.6 0
4348 -2.98877 0.6 0
4349 -2.98877 0.6 0
4350 -2.98877 0.6 0
4351 -2.98877 0.6 0
4352 -2.98877 0.6 0
4353 -2.98877 0.6 0
4354 -2.98877 0.6 0
4355 -2.98877 0.6 0
4356 -2.98877 0.6 0
4357 -2.98774 0.6 0
4358 -2.98774 0.6 0
4359 -2.98774 0.6 0
4360 -2.98774 0.6 0
4361 -2.98774 0.6 0
4362 -2.98774 0.6 0
4363 -2.98774 0.6 0
4364 -2.98774 0.6 0
4365 -2.98774 0.6 0
4366 -2.98342 0.6 0
4367 -2.98342 0.6 0
4368 -2.98342 0.6 0
4369 -2.98342 0.6 0
4370 -2.98342 0.6 0
4371 -2.98342 0.6 0
4372 -2.98342 0.6 0
4373 -2.98342 0.6 0
4374 -2.98342 0.6 0
4375 -2.97618 0.6 0
4376 -2.97618 0.6 0
4377 -2.97618 0.6 0
4378 -2.97618 0.6 0
4379 -2.97618 0.6 0
4380 -2.97618 0.6 0
4381 -2.97618 0.6 0
4382 -2.97618 0.6 0
4383 -2.97618 0.6 0
4384 -2.99032 0.6 0
4385 -2.99032 0.6 0
4386 -2.99032 0.6 0
4387 -2.99032 0.6 0
4388 -2.99032 0.6 0
4389 -2.99032 0.6 0
4390 -2.99032 0.6 0
4391 -2.99032 0.6 0
4392 -2.99032 0.6 0
4393 -2.9664 0.6 0
4394 -2.9664 0.6 0
4395 -2.9664 0.6 0
4396 -2.9664 0.6 0
4397 -2.9664 0.6 0
4398 -2.9664 0.6 0
4399 -2.9664 0.6 0
4400 -2.9664 0.6 0
4401 -2.9664 0.6 0
4402 -2.9664 0.6 0
4403 -2.99561 0.6 0
4404 -2.99561 0.6 0
4405 -2.99561 0.6 0
4406 -2.99561 0.6 0
4407 -2.99561 0.6 0
4408 -2.99561 0.6 0
4409 -2.99561 0.6 0
4410 -2.99561 0.6 0
4411 -2.99561 0.6 0
4412 -2.97754 0.6 0
4413 -2.97754 0.6 0
4414 -2.97754 0.6 0
4415 -2.97754 0.6 0
4416 -2.97754 0.6 0
4417 -2.97754 0.6 0
4418 -2.97754 0.6 0
4419 -2.97754 0.6 0
4420 -2.97754 0.6 0
4421 -2.96194 0.6 0
4422 -2.96194 0.6 0
4423 -2.96194 0.6 0
4424 -2.96194 0.6 0
4425 -2.96194 0.6 0
4426 -2.96194 0.6 0
4427 -2.96194 0.6 0
4428 -2.96194 0.6 0
4429 -2.96194 0.6 0
4430 -2.9977 0.6 0
4431 -2.9977 0.6 0
4432 -2.9977 0.6 0
4433 -2.9977 0.6 0
4434 -2.9977 0.6 0
4435 -2.9977 0.6 0
4436 -2.9977 0.6 0
4437 -2.9977 0.6 0
4438 -2.9977 0.6 0
4439 -2.97188 0.6 0
4440 -2.97188 0.6 0
4441 -2.97188 0.6 0
4442 -2.97188 0.6 0
4443 -2.97188 0.6 0
4444 -2.97188 0.6 0
4445 -2.97188 0.6 0
4446 -2.97188 0.6 0
4447 -2.98702 0.6 0
4448 -2.98702 0.6 0
4449 -2.98702 0.6 0
4450 -2.98702 0.6 0
4451 -2.98702 0.6 0
4452 -2.98702 0.6 0
4453 -2.98702 0.6 0
4454 -2.98702 0.6 0
4455 -2.98702 0.6 0
4456 -2.98702 0.6 0
4457 -2.99026 0.6 0
4458 -2.99026 0.6 0
4459 -2.99026 0.6 0
4460 -2.99026 0.6 0
4461 -2.99026 0.6 0
4462 -2.99026 0.6 0
4463 -2.99026 0.6 0
4464 -2.99026 0.6 0
4465 -2.99026 0.6 0
4466 -2.9675 0.6 0
4467 -2.9675 0.6 0
4468 -2.9675 0.6 0
4469 -2.9675 0.6 0
4470 -2.9675 0.6 0
4471 -2.9675 0.6 0
4472 -2.9675 0.6 0
4473 -2.9675 0.6 0
4474 -2.98368 0.6 0
4475 -2.98368 0.6 0
4476 -2.98368 0.6 0
4477 -2.98368 0.6 0
4478 -2.98368 0.6 0
4479 -2.98368 0.6 0
4480 -2.98368 0.6 0
4481 -2.98368 0.6 0
4482 -2.98368 0.6 0
4483 -2.98368 0.6 0
4484 -2.98832 0.6 0
4485 -2.98832 0.6 0
4486 -2.98832 0.6 0
4487 -2.98832 0.6 0
4488 -2.98832 0.6 0
4489 -2.98832 0.6 0
4490 -2.98832 0.6 0
4491 -2.98832 0.6 0
4492 -2.98832 0.6 0
4493 -2.9714 0.6 0
4494 -2.9714 0.6 0
4495 -2.9714 0.6 0
4496 -2.9714 0.6 0
4497 -2.9714 0.6 0
4498 -2.9714 0.6 0
4499 -2.9714 0.6 0
4500 -2.9714 0.6 0
4501 -2.9714 0.6 0
4502 -2.98652 0.6 0
4503 -2.98652 0.6 0
4504 -2.98652 0.6 0
4505 -2.98652 0.6 0
4506 -2.98652 0.6 0
4507 -2.98652 0.6 0
4508 -2.98652 0.6 0
4509 -2.98652 0.6 0
4510 -2.98652 0.6 0
4511 -2.98924 0.6 0
4512 -2.98924 0.6 0
4513 -2.98924 0.6 0
4514 -2.98924 0.6 0
4515 -2.98924 0.6 0
4516 -2.98924 0.6 0
4517 -2.98924 0.6 0
4518 -2.98924 0.6 0
4519 -2.98924 0.6 0
4520 -2.98474 0.6 0
4521 -2.98474 0.6 0
4522 -2.98295 0.6 0
4523 -2.99651 0.6 0
4524 -2.99913 0.6 0
4525 -2.99488 0.6 0
4526 -2.99919 0.6 0
4527 -2.98388 0.6 0
4528 -2.99361 0.6 0
4529 -2.98869 0.6 0
4530 -2.98848 0.6 0
4531 -2.9961 0.6 0
4532 -2.99316 0.6 0
4533 -2.99352 0.6 0
4534 -2.99314 0.6 0
4535 -2.99707 0.6 0
4536 -2.99873 0.6 0
4537 -2.99479 0.6 0
4538 -2.96821 0.6 0
4539 -2.99045 0.6 0
4540 -2.99522 0.6 0
4541 -2.95211 0.6 0
4542 -2.99414 0.6 0
4543 -2.98585 0.6 0
4544 -2.97875 0.6 0
4545 -2.98823 0.6 0
4546 -2.98924 0.6 0
4547 -2.99636 0.6 0
4548 -2.9975 0.6 0
4549 -2.99084 0.6 0
4550 -2.99006 0.6 0
4551 -2.97523 0.6 0
4552 -2.98537 0.6 0
4553 -2.99546 0.6 0
4554 -2.98296 0.6 0
4555 -2.96423 0.6 0
4556 -2.99876 0.6 0
4557 -2.99444 0.6 0
4558 -2.97402 0.6 0
4559 -2.99702 0.6 0
4560 -3 0.6 0
4561 -2.96907 0.6 0
4562 -2.98231 0.6 0
4563 -2.97058 0.6 0
4564 -2.9816 0.6 0
4565 -2.97237 0.6 0
4566 -2.98598 0.6 0
4567 -2.99112 0.6 0
4568 -2.98309 0.6 0
4569 -2.98858 0.6 0
4570 -2.99057 0.6 0
4571 -2.9814 0.6 0
4572 -2.98304 0.6 0
4573 -2.98354 0.6 0
4574 -2.99363 0.6 0
4575 -2.99768 0.6 0
4576 -2.9856 0.6 0
4577 -2.97648 0.6 0
4578 -2.99571 0.6 0
4579 -2.99383 0.6 0
4580 -2.98842 0.6 0
4581 -2.98292 0.6 0
4582 -2.98569 0.6 0
4583 -2.98973 0.6 0
4584 -2.98981 0.6 0
4585 -2.97098 0.6 0
4586 -2.9869 0.6 0
4587 -2.98716 0.6 0
4588 -2.96575 0.6 0
4589 -2.97524 0.6 0
4590 -2.98213 0.6 0
4591 -2.99811 0.6 0
4592 -2.99185 0.6 0
4593 -2.96968 0.6 0
4594 -2.98973 0.6 0
4595 -2.99825 0.6 0
4596 -2.9819 0.6 0
4597 -2.99128 0.6 0
4598 -2.98935 0.6 0
4599 -2.95521 0.6 0
4600 -1.86009 0.6 0
4601 -0.990652 0.6 0
4602 -0.998173 0.6 0
4603 -0.99064 0.6 0
4604 -0.982438 0.6 0
4605 -0.988851 0.6 0
4606 -0.999138 0.6 0
4607 -0.972612 0.6 0
4608 -0.989271 0.6 0
4609 -0.98488 0.6 0
4610 -0.961661 0.6 0
4611 -0.980415 0.6 0
4612 0.00303315 0.6 0
4613 0.00690478 0.6 0
4614 -2.35598 0.6 0
4615 -2.98372 0.6 0
4616 -2.98882 0.6 0
4617 -2.99761 0.6 0
4618 -2.97102 0.6 0
4619 -2.99423 0.6 0
4620 -2.99485 0.6 0
4621 -2.99297 0.6 0
4622 -2.9907 0.6 0
4623 -2.98115 0.6 0
4624 -2.98799 0.6 0
4625 -2.99818 0.6 0
4626 -2.97598 0.6 0
4627 -2.98507 0.6 0
4628 -2.99089 0.6 0
4629 -2.99951 0.6 0
4630 -2.9571 0.6 0
4631 -2.978 0.6 0
4632 -2.99838 0.6 0
4633 -2.99786 0.6 0
4634 -2.98674 0.6 0
4635 -2.98663 0.6 0
4636 -2.99445 0.6 0
4637 -2.99254 0.6 0
4638 -2.99518 0.6 0
4639 -2.99247 0.6 0
4640 -2.98901 0.6 0
4641 -2.98852 0.6 0
4642 -2.98915 0.6 0
4643 -2.99613 0.6 0
4644 -2.97896 0.6 0
4645 -2.97727 0.6 0
4646 -2.97306 0.6 0
4647 -2.99305 0.6 0
4648 -2.98444 0.6 0
4649 -2.99237 0.6 0
4650 -2.97285 0.6 0
4651 -2.99335 0.6 0
4652 -2.99508 0.6 0
4653 -2.98789 0.6 0
4654 -2.99461 0.6 0
4655 -2.99191 0.6 0
4656 -2.9859 0.6 0
4657 -2.98922 0.6 0
4658 -2.96737 0.6 0
4659 -2.98645 0.6 0
4660 -2.98701 0.6 0
4661 -2.99947 0.6 0
4662 -2.98156 0.6 0
4663 -2.989 0.6 0
4664 -2.98022 0.6 0
4665 -2.96594 0.6 0
4666 -2.98888 0.6 0
4667 -2.98279 0.6 0
4668 -2.98426 0.6 0
4669 -2.99553 0.6 0
4670 -2.9831 0.6 0
4671 -2.99792 0.6 0
4672 -2.99835 0.6 0
4673 -2.99235 0.6 0
4674 -2.97993 0.6 0
4675 -2.99499 0.6 0
4676 -2.9892 0.6 0
4677 -2.98285 0.6 0
4678 -2.99339 0.6 0
4679 -2.99155 0.6 0
4680 -2.97905 0.6 0
4681 -2.99233 0.6 0
4682 -2.98591 0.6 0
4683 -2.98239 0.6 0
4684 -2.98938 0.6 0
4685 -2.98337 0.6 0
4686 -2.99354 0.6 0
4687 -2.97308 0.6 0
4688 -2.9638 0.6 0
4689 -2.98102 0.6 0
4690 -2.9932 0.6 0
4691 -2.98735 0.6 0
4692 -2.98914 0.6 0
4693 -2.97998 0.6 0
4694 -2.98982 0.6 0
4695 -2.99767 0.6 0
4696 -2.99933 0.6 0
4697 -2.98327 0.6 0
4698 -2.99252 0.6 0
4699 -2.9878 0.6 0
4700 -2.99388 0.6 0
4701 -2.99542 0.6 0
4702 -2.9858 0.6 0
4703 -2.99288 0.6 0
4704 -2.98326 0.6 0
4705 -2.98173 0.6 0
4706 -2.97583 0.6 0
4707 -2.95061 0.6 0
4708 -2.99263 0.6 0
4709 -2.99387 0.6 0
4710 -2.99796 0.6 0
4711 -2.98555 0.6 0
4712 -2.99866 0.6 0
4713 -2.99625 0.6 0
4714 -2.98972 0.6 0
4715 -2.98656 0.6 0
4716 -2.98757 0.6 0
4717 -2.983 0.6 0
4718 -2.99288 0.6 0
4719 -2.99667 0.6 0
4720 -2.98508 0.6 0
4721 -2.98859 0.6 0
4722 -2.9651 0.6 0
4723 -2.98526 0.6 0
4724 -2.97444 0.6 0
4725 -2.99382 0.6 0
4726 -2.98751 0.6 0
4727 -2.97131 0.6 0
4728 -2.99239 0.6 0
4729 -2.99574 0.6 0
4730 -2.99086 0.6 0
4731 -2.99528 0.6 0
4732 -2.03929 0.6 0
4733 -0.956097 0.6 0
4734 -0.979375 0.6 0
4735 -0.982114 0.6 0
4736 -0.971598 0.6 0
4737 -0.982946 0.6 0
4738 -0.992159 0.6 0
4739 -0.96779 0.6 0
4740 -0.992712 0.6 0
4741 -0.993461 0.6 0
4742 -0.978973 0.6 0
4743 0.0301554 0.6 0
4744 0.00480933 0.6 0
4745 0.0102984 0.6 0
4746 0.0102984 0.6 0
4747 0.0102984 0.6 0
4748 0.0102984 0.6 0
4749 0.0102984 0.6 0
4750 0.0102984 0.6 0
4751 0.0102984 0.6 0
4752 0.0102984 0.6 0
4753 0.0102984 0.6 0
4754 0.0102984 0.6 0
4755 0.0289095 0.6 0
4756 0.0289095 0.6 0
4757 0.0289095 0.6 0
4758 0.0289095 0.6 0
4759 0.0289095 0.6 0
4760 0.0289095 0.6 0
4761 0.0289095 0.6 0
4762 0.0289095 0.6 0
4763 0.0289095 0.6 0
4764 0.0119352 0.6 0
4765 0.0119352 0.6 0
4766 0.0119352 0.6 0
4767 0.0119352 0.6 0
4768 0.0119352 0.6 0
4769 0.0119352 0.6 0
4770 0.0119352 0.6 0
4771 0.0119352 0.6 0
4772 0.0119352 0.6 0
4773 0.0151637 0.6 0
4774 0.0151637 0.6 0
4775 0.0151637 0.6 0
4776 0.0151637 0.6 0
4777 0.0151637 0.6 0
4778 0.0151637 0.6 0
4779 0.0151637 0.6 0
4780 0.0151637 0.6 0
4781 0.0151637 0.6 0
4782 0.0128582 0.6 0
4783 0.0128582 0.6 0
4784 0.0128582 0.6 0
4785 0.0128582 0.6 0
4786 0.0128582 0.6 0
4787 0.0128582 0.6 0
4788 0.0128582 0.6 0
4789 0.0128582 0.6 0
4790 0.0128582 0.6 0
4791 0.0128582 0.6 0
4792 -2.96332 0.6 0
4793 -2.99315 0.6 0
4794 -2.99345 0.6 0
4795 -2.97546 0.6 0
4796 -2.98757 0.6 0
4797 -2.99788 0.6 0
4798 -2.98321 0.6 0
4799 -2.96477 0.6 0
4800 -2.97834 0.6 0
4801 -2.99854 0.6 0
4802 -2.99569 0.6 0
4803 -2.97937 0.6 0
